0			-1,28254906694991E-11	-1,59191632098654E-10	-3,15541148765419E-9	-1,48767984597953E-8	-4,42671570510811E-8	-1,23101699500694E-7	-2,86976387542381E-7	-5,96355903326184E-7	-1,1147258192068E-6	-1,90183152426471E-6	-3,01705790661799E-6
0,0595000013709068	4,56947120142104E-8	9,03003041230477E-8	1,50809412957642E-7	2,28464259066641E-7	3,16535931688122E-7	3,90850431131184E-7	4,10089143088044E-7	3,86285222475635E-7	1,75699327087386E-7	-2,49381002959126E-7	-1,04857303995232E-6
0,119499996304512	9,03180037425955E-8	1,7873195190532E-7	3,0176821042005E-7	4,67694917460904E-7	6,73706949783082E-7	9,09190362108347E-7	1,14294721242914E-6	1,34295908083004E-6	1,43157444654207E-6	1,35868629058677E-6	9,02898307231226E-7
0,179000005125999	1,33941853164288E-7	2,65274991306796E-7	4,4987601199864E-7	7,00425573540997E-7	1,0237832839266E-6	1,41153122967808E-6	1,83737176939758E-6	2,26999372898717E-6	2,63914353126893E-6	2,89867671199318E-6	2,83593658423342E-6
0,238999992609024	1,76875502688745E-7	3,50506155655239E-7	5,93502988976979E-7	9,32155501232046E-7	1,37106644615415E-6	1,91065805665858E-6	2,52833524427842E-6	3,1925317216519E-6	3,84265558750485E-6	4,43198723587557E-6	4,76423929285374E-6
0,298500001430511	2,18376570160217E-7	4,33002156796647E-7	7,3489098895152E-7	1,15769194053428E-6	1,70965631696163E-6	2,39803966906038E-6	3,20341700899007E-6	4,09555877922685E-6	5,03480623592623E-6	5,95707297179615E-6	6,7093487814418E-6
0,358000010251999	2,59025142668179E-7	5,11591792928812E-7	8,73967849202018E-7	1,37998176796827E-6	2,04398725145438E-6	2,87957209366141E-6	3,87174441129901E-6	4,99008228871389E-6	6,20054561295547E-6	7,4466429396125E-6	8,5793990365346E-6
0,418000012636185	2,99221852628762E-7	5,91327648180595E-7	1,01214675396477E-6	1,60136767135555E-6	2,37757762988622E-6	3,36062703354401E-6	4,53940992883872E-6	5,88751117902575E-6	7,36947640689323E-6	8,93853848538129E-6	1,04551618278492E-5
0,47749999165535	3,38358830731522E-7	6,69140604259155E-7	1,14713805032807E-6	1,81813641120243E-6	2,70481382358412E-6	3,83348015020601E-6	5,19382820129977E-6	6,76866056892322E-6	8,52065113576828E-6	1,04100108728744E-5	1,23060117402929E-5
0,537500023841858	3,76876982954855E-7	7,4586756682038E-7	1,28067017612921E-6	2,03292688638612E-6	3,02971534438257E-6	4,30362433689879E-6	5,84656663704664E-6	7,64585638535209E-6	9,66840070759645E-6	1,18791522254469E-5	1,41529426400666E-5
0,597000002861023	4,14116442470913E-7	8,20207674223639E-7	1,41033547151892E-6	2,2420467757911E-6	3,34667311108205E-6	4,76282457384514E-6	6,48415880277753E-6	8,5039910118212E-6	1,07932501123287E-5	1,33179783006199E-5	1,59636219905224E-5
0,656499981880188	4,50520019512624E-7	8,93045864813757E-7	1,53775010858226E-6	2,44795774051454E-6	3,65913615496538E-6	5,21016363563831E-6	7,11548500476056E-6	9,35333537199767E-6	1,19075675684144E-5	1,47440641740104E-5	1,77602287294576E-5
0,716499984264374	4,86582337089203E-7	9,65362573879247E-7	1,66460461059614E-6	2,6531963612797E-6	3,97125631934614E-6	5,66255312151043E-6	7,74728232499911E-6	1,02053372756927E-5	1,30249845824437E-5	1,61764837685041E-5	1,95636948774336E-5
0,776000022888184	5,22961215665418E-7	1,03579839105805E-6	1,78847494680667E-6	2,85419105239271E-6	4,27756322096684E-6	6,10752749707899E-6	8,36901836009929E-6	1,10439150375896E-5	1,41260452437564E-5	1,75884833879536E-5	2,13421990338247E-5
0,836000025272369	5,57371549803065E-7	1,10521420992882E-6	1,90747050510254E-6	3,05330468108878E-6	4,58186104879132E-6	6,54998211757629E-6	8,98800954018952E-6	1,18787856990821E-5	1,5224004528136E-5	1,89973416127032E-5	2,31203503062716E-5
0,895500004291534	5,90723686855199E-7	1,17252113795985E-6	2,02607088795048E-6	3,24729580825078E-6	4,87851684738416E-6	6,98190933690057E-6	9,59256794885732E-6	1,26966533571249E-5	1,6299529306707E-5	2,03794297704007E-5	2,48637516051531E-5
0,954999983310699	6,23307414571173E-7	1,23853988043265E-6	2,14277929444506E-6	3,43831311511167E-6	5,16524050908629E-6	7,40866289561382E-6	1,01907471616869E-5	1,35062100525829E-5	1,73659009305993E-5	2,17493525269674E-5	2,65923445113003E-5
1,01499998569489	6,55598796583945E-7	1,3040008752796E-6	2,25885855797969E-6	3,62868172487651E-6	5,45663124285056E-6	7,83555242378498E-6	1,07899868453387E-5	1,43176839628723E-5	1,84361033461755E-5	2,3124255676521E-5	2,83278768620221E-5
1,07449996471405	6,86954763295944E-7	1,36780477077991E-6	2,37235826716642E-6	3,81512336389278E-6	5,74283558307798E-6	8,25485312816454E-6	1,13792320917128E-5	1,51164013004745E-5	1,94895819731755E-5	2,44802595261717E-5	3,0041444915696E-5
1,13450002670288	7,17637476554955E-7	1,43038300848275E-6	2,48397736868355E-6	3,99879354517907E-6	6,02519594394835E-6	8,66923801368102E-6	1,19623828140902E-5	1,59071496454999E-5	2,05338074010797E-5	2,5824843760347E-5	3,17417143378407E-5
1,19400000572205	7,47626529573608E-7	1,49177094499464E-6	2,59359308074636E-6	4,17968203691999E-6	6,30392287348513E-6	9,07846151676495E-6	1,25386322906706E-5	1,66873051057337E-5	2,15680101973703E-5	2,71595581580186E-5	3,34298092639074E-5
1,25349998474121	7,76799652157933E-7	1,55154930325807E-6	2,70083887699002E-6	4,35696529166307E-6	6,57753889754531E-6	9,48109845921863E-6	1,31060578496545E-5	1,74567794601899E-5	2,25883595703635E-5	2,84760262729833E-5	3,50939844793174E-5
1,31350004673004	8,05722493169014E-7	1,61084517458221E-6	2,80744143310585E-6	4,53321536042495E-6	6,85049508319935E-6	9,88352985586971E-6	1,36735297928681E-5	1,8227687178296E-5	2,36101295740809E-5	2,97949500236427E-5	3,67648426617961E-5
1,37300002574921	8,3367808656476E-7	1,66840266047075E-6	2,91118931272649E-6	4,70543363917386E-6	7,11705797584727E-6	1,02765861811349E-5	1,42292583404924E-5	1,89842630788917E-5	2,46141607931349E-5	3,10911345877685E-5	3,84058948839083E-5
1,43299996852875	8,61284888742375E-7	1,72535737874568E-6	3,01435397886962E-6	4,87700208395836E-6	7,3834403337969E-6	1,06699153548107E-5	1,47863329402753E-5	1,97421613847837E-5	2,56205785262864E-5	3,23911554005463E-5	4,0052917029243E-5
1,49249994754791	8,88155625489162E-7	1,78085804236616E-6	3,11504709316068E-6	5,03982801092207E-6	7,64454398449743E-6	1,10561750261695E-5	1,53334112837911E-5	2,04886910069035E-5	2,66117967839818E-5	3,36733828589786E-5	4,16803341067862E-5
1,55200004577637	9,14287909381528E-7	1,83500117145741E-6	3,21344919029798E-6	5,20343837706605E-6	7,90084504842525E-6	1,14360500447219E-5	1,5871693904046E-5	2,12237264349824E-5	2,75886613962939E-5	3,4937995224027E-5	4,32853303209413E-5
1,61199998855591	9,4010306384007E-7	1,88862043160043E-6	3,31126238961588E-6	5,36678817297798E-6	8,15658586361678E-6	1,18151510832831E-5	1,64095763466321E-5	2,19597332034027E-5	2,85677870124346E-5	3,62059035978746E-5	4,48948121629655E-5
1,67149996757507	9,6504709290457E-7	1,9406008959777E-6	3,40622364092269E-6	5,52570054423995E-6	8,40584198158467E-6	1,21856373880291E-5	1,6936157408054E-5	2,26803895202465E-5	2,95263635052834E-5	3,74484261556063E-5	4,64740369352512E-5
1,7315000295639		9,89764089354139E-7	1,99215378415829E-6	3,50080108546535E-6	5,68433961234405E-6	8,65463789523346E-6	1,25560154629056E-5	1,74631641129963E-5	2,34023536904715E-5	3,04879813484149E-5	3,86961073672865E-5	4,80601374874823E-5
1,79100000858307	1,0137122217202E-6	2,04222578759072E-6	3,59296586793789E-6	5,83943301535328E-6	8,8986880655284E-6	1,29196178022539E-5	1,79817361640744E-5	2,4112690880429E-5	3,14350254484452E-5	3,99273667426314E-5	4,96251159347594E-5
1,85049998760223	1,03705133369658E-6	2,09118320526613E-6	3,68316318599682E-6	5,99145641899668E-6	9,13803432922577E-6	1,32767600007355E-5	1,84917516889982E-5	2,48126216320088E-5	3,23696331179235E-5	4,11406217608601E-5	5,11496182298288E-5
1,91050004959106	1,06009724731848E-6	2,13964722206583E-6	3,77266701434564E-6	6,14268446952337E-6	9,37714867177419E-6	1,36338221636834E-5	1,90016835404094E-5	2,5513789296383E-5	3,33056632371154E-5	4,23572382715065E-5	5,26980475115124E-5
1,97000002861023	1,0822490139617E-6	2,18665377360594E-6	3,85959083359921E-6	6,29006444796687E-6	9,60994293563999E-6	1,39824842335656E-5	1,95001302927267E-5	2,61998702626443E-5	3,422155714361E-5	4,3549865949899E-5	5,42152884008829E-5
2,02999997138977	1,10421785848303E-6	2,23308506974718E-6	3,94606240661233E-6	6,43681323708734E-6	9,84202961262781E-6	1,43306851896341E-5	1,999892447202E-5	2,68864514509914E-5	3,51399976352695E-5	4,47456659458112E-5	5,57400926481932E-5
2,08949995040894	1,12564953269612E-6	2,27834266297577E-6	4,03047806685208E-6	6,58027283861884E-6	1,00699235190405E-5	1,4673050827696E-5	2,04896805371391E-5	2,75629608950112E-5	3,60463309334591E-5	4,59257134934887E-5	5,72444732824806E-5
2,14949989318848	1,14648321414279E-6	2,32271372624382E-6	4,1134107959806E-6	6,72176884108922E-6	1,02946833067108E-5	1,50111609400483E-5	2,0974950530217E-5	2,82328492176021E-5	3,69432273146231E-5	4,70951963507105E-5	5,873695408809E-5
2,20900011062622	1,16683895612368E-6	2,36623827731819E-6	4,19484240410384E-6	6,86103931002435E-6	1,05163071566494E-5	1,53451783262426E-5	2,14543797483202E-5	2,88960254692938E-5	3,78328659280669E-5	4,8256686568493E-5	6,02173313382082E-5
2,26850008964539	1,18673881388531E-6	2,40858912547992E-6	4,27432541982853E-6	6,99721431374201E-6	1,07336609289632E-5	1,5672962035751E-5	2,19262892642291E-5	2,9548520615208E-5	3,87085347028915E-5	4,94011947012041E-5	6,16785910096951E-5
2,32850003242493	1,20625190902501E-6	2,45050227931642E-6	4,35334732173942E-6	7,13283452569158E-6	1,09506863736897E-5	1,60004983627005E-5	2,23979859583778E-5	3,02020052913576E-5	3,95864553865977E-5	5,05284078826662E-5	6,3146188040264E-5
2,38800001144409	1,22523908885341E-6	2,49117306339031E-6	4,43011413153727E-6	7,26486678104266E-6	1,11622448457638E-5	1,63204185810173E-5	2,28593853535131E-5	3,08421440422535E-5	4,04470956709702E-5	5,16504915140104E-5	6,45856271148659E-5
2,44799995422363	1,24391510780697E-6	2,53138273365039E-6	4,5063125071465E-6	7,39625193091342E-6	1,13732385216281E-5	1,66400095622521E-5	2,33216233027633E-5	3,1483326893067E-5	4,13086454500444E-5	5,27792144566774E-5	6,6029308072757E-5
2,5074999332428		1,26209260997712E-6	2,57049077845295E-6	4,58071281173034E-6	7,52486039345968E-6	1,15799894047086E-5	1,69534814631334E-5	2,37758067669347E-5	3,21134975820314E-5	4,21580734837335E-5	5,3890031267656E-5	6,74544062349014E-5
2,56699991226196	1,27972430163936E-6	2,60852357314434E-6	4,65328594145831E-6	7,65069307817612E-6	1,1782815818151E-5	1,72616419149563E-5	2,42215064645279E-5	3,27345296682324E-5	4,29946812801063E-5	5,49870237591676E-5	6,8859379098285E-5
2,62700009346008	1,29711281715572E-6	2,64638060798461E-6	4,72539795737248E-6	7,77615150582278E-6	1,19850155897439E-5	1,7569296687725E-5	2,46683903242229E-5	3,33557909470983E-5	4,38332644989714E-5	5,60864500585012E-5	7,02700635883957E-5
2,68650007247925	1,31404499370547E-6	2,68293592853297E-6	4,79542359244078E-6	7,89809382695239E-6	1,21819621199393E-5	1,78695863723988E-5	2,51043384196237E-5	3,3963213354582E-5	4,46541162091307E-5	5,71634736843407E-5	7,16527938493527E-5
2,74650001525879	1,33063610974204E-6	2,71914268523688E-6	4,86480757899699E-6	8,01929581939476E-6	1,23781010188395E-5	1,81694103957852E-5	2,55400809692219E-5	3,45710905094165E-5	4,54760483989958E-5	5,82418433623388E-5	7,30386454961263E-5
2,80599999427795	1,3467515600496E-6	2,75431716545427E-6	4,93279412694392E-6	8,13784026831854E-6	1,25708038467565E-5	1,84630680450937E-5	2,59688113146694E-5	3,51695416611619E-5	4,6285964344861E-5	5,9305333707016E-5	7,4406540079508E-5
2,86549997329712	1,36229709823965E-6	2,78864422398328E-6	4,9989071158052E-6	8,25392362457933E-6	1,27591665659565E-5	1,8752069081529E-5	2,63955407717731E-5	3,57586359314155E-5	4,70844242954627E-5	6,03554581175558E-5	7,57577436161228E-5
2,92549991607666	1,37777908548742E-6	2,82272276308504E-6	5,06458854943048E-6	8,36933759273961E-6	1,29472846310819E-5	1,90409191418439E-5	2,68114017671905E-5	3,63482795364689E-5	4,78840847790707E-5	6,14077289355919E-5	7,71123595768586E-5
2,98499989509583	1,39275084620749E-6	2,85545252154407E-6	5,12752603754052E-6	8,48154832056025E-6	1,31308142954367E-5	1,93229225260438E-5	2,72200577455806E-5	3,69256194971967E-5	4,86664575873874E-5	6,24391468591057E-5	7,84394360380247E-5
3,04500007629395	1,4075671970204E-6	2,88800379166787E-6	5,19036257173866E-6	8,59322335600154E-6	1,33138810269884E-5	1,96042528841645E-5	2,76291848422261E-5	3,7503574276343E-5	4,9449983634986E-5	6,34716925560497E-5	7,9771525633987E-5
3,10450005531311	1,42191015584103E-6	2,91959122478147E-6	5,25174391441396E-6	8,70257372298511E-6	1,3492974176188E-5	1,98805537365843E-5	2,80333279079059E-5	3,8073103496572E-5	5,02078983117826E-5	6,44919782644138E-5	8,10873389127664E-5
3,16400003433228	1,43580450640002E-6	2,95040126729873E-6	5,31173691342701E-6	8,80952575244009E-6	1,36681210278766E-5	2,01520033442648E-5	2,84302659565583E-5	3,86320098186843E-5	5,09665660501923E-5	6,549838144565E-5	8,23843292891979E-5
3,22399997711182	1,44955311043304E-6	2,98079999083711E-6	5,37149071533349E-6	8,91599120222963E-6	1,38435334520182E-5	2,04225325433072E-5	2,88272894977126E-5	3,91926587326452E-5	5,17286716785748E-5	6,65060942992568E-5	8,36869003251195E-5
3,28349995613098	1,46282366131345E-6	3,01038312500168E-6	5,42959969607182E-6	9,01943531061988E-6	1,40144748002058E-5	2,06869372050278E-5	2,92151926259976E-5	3,97407347918488E-5	5,24744282301981E-5	6,74937546136789E-5	8,49628268042579E-5
3,34349989891052	1,47591674704017E-6	3,03965225612046E-6	5,48708158021327E-6	9,1222991613904E-6	1,41841492222738E-5	2,09510781132849E-5	2,96041089313803E-5	4,02887890231796E-5	5,32218291482423E-5	6,84839396853931E-5	8,62442539073527E-5
3,40300011634827	1,48860601711931E-6	3,06794004245603E-6	5,54276812181342E-6	9,22255185287213E-6	1,43499264595448E-5	2,12081213248894E-5	2,99825551337563E-5	4,08251980843488E-5	5,39547218068037E-5	6,945310451556E-5	8,75017358339392E-5
3,46250009536743	1,50099538132054E-6	3,09560914502072E-6	5,59781983611174E-6	9,32162674871506E-6	1,45143530971836E-5	2,14639985642862E-5	3,03599990729708E-5	4,13595880672801E-5	5,46837509318721E-5	7,04228950780816E-5	8,87570204213262E-5
3,52250003814697	1,5132320640987E-6	3,1229440082825E-6	5,6521766964579E-6	9,41944745136425E-6	1,46772144944407E-5	2,17182587221032E-5	3,07358168356586E-5	4,18917115894146E-5	5,54100479348563E-5	7,13875269866548E-5	9,00067607290111E-5
3,58200001716614	1,52510290263308E-6	3,14948579216434E-6	5,70484326090082E-6	9,51487254496897E-6	1,48358112710412E-5	2,19661142182304E-5	3,11017429339699E-5	4,24117934016977E-5	5,61230190214701E-5	7,23347111488692E-5	9,12332980078645E-5
3,64199995994568	1,53666417190834E-6	3,17570493280073E-6	5,75702642890974E-6	9,60960187512683E-6	1,49937986861914E-5	2,22137714445125E-5	3,14690951199736E-5	4,2932981159538E-5	5,68347713851836E-5	7,32836924726143E-5	9,24655978451483E-5
3,70149993896484	1,54788472173095E-6	3,20122012453794E-6	5,80800633542822E-6	9,70157725532772E-6	1,51482190631214E-5	2,24549694394227E-5	3,18278980557807E-5	4,3442785681691E-5	5,75335798203014E-5	7,42143165552989E-5	9,36729993554764E-5
3,76099991798401	1,55903342147212E-6	3,22617665915459E-6	5,85819998377701E-6	9,7927240858553E-6	1,53007931658067E-5	2,26947176997783E-5	3,21833613270428E-5	4,39499817730393E-5	5,82288994337432E-5	7,51405677874573E-5	9,48785236687399E-5
3,82100009918213	1,56989392507967E-6	3,25069822793012E-6	5,90774152442464E-6	9,88294050330296E-6	1,54519839270506E-5	2,29327397391899E-5	3,25376422551926E-5	4,44553807028569E-5	5,89223236602265E-5	7,60639159125276E-5	9,60811448749155E-5
3,88050007820129	1,58036039010767E-6	3,27466796079534E-6	5,955739197816E-6	9,97081497189356E-6	1,55989528138889E-5	2,31646627071314E-5	3,28836358676199E-5	4,4949134462513E-5	5,96010395383928E-5	7,69705802667886E-5	9,72587586147711E-5
3,94050002098084	1,59065609750542E-6	3,29821727973467E-6	6,00331304667634E-6	1,00577390185208E-5	1,57458434841828E-5	2,33967330132145E-5	3,32295712723862E-5	4,54424807685427E-5	6,02813925070222E-5	7,78776229708456E-5	9,84416983556002E-5
4			1,60074182531389E-6	3,32082322529459E-6	6,04941806159331E-6	1,01425002867472E-5	1,58891980390763E-5	2,3623084416613E-5	3,35676850227173E-5	4,592595360009E-5	6,09461530984845E-5	7,87690296419896E-5	9,96041344478726E-5
4,05950021743774	1,61053037572856E-6	3,34323408424098E-6	6,09494281889056E-6	1,02261828942574E-5	1,60312229127157E-5	2,38478824030608E-5	3,39040707331151E-5	4,64070435555186E-5	6,16096149315126E-5	7,96550448285416E-5	1,00761819339823E-4
4,11950016021729	1,62009166615462E-6	3,36519815391512E-6	6,13965585216647E-6	1,03089087133412E-5	1,61706375365611E-5	2,40690587816061E-5	3,42365565302316E-5	4,68835678475443E-5	6,22664301772602E-5	8,05371237220243E-5	1,01912279205862E-4
4,17899990081787	1,62958690452797E-6	3,38667905452894E-6	6,18352805759059E-6	1,03900483736652E-5	1,63083986990387E-5	2,42877704295097E-5	3,45650696544908E-5	4,73555264761671E-5	6,29192509222776E-5	8,1411621067673E-5	1,03050755569711E-4
4,23899984359741	1,63876632086613E-6	3,40785709340707E-6	6,22684092377312E-6	1,04703740362311E-5	1,64448101713788E-5	2,45050032390282E-5	3,48911926266737E-5	4,7824411012698E-5	6,35683754808269E-5	8,22813017293811E-5	1,0418856254546E-4
4,29850006103516	1,64771245181328E-6	3,42833118338604E-6	6,26872770226328E-6	1,05479266494513E-5	1,65778801601846E-5	2,47169446083717E-5	3,52096976712346E-5	4,82836330775172E-5	6,42038357909769E-5	8,313621947309E-5	1,05305938632227E-4
4,35799980163574	1,65641108651471E-6	3,44840759680665E-6	6,31010971119395E-6	1,06250008684583E-5	1,67097532539628E-5	2,49270415224601E-5	3,55263509845827E-5	4,87397737742867E-5	6,48374043521471E-5	8,39868080220185E-5	1,06417093775235E-4
4,41800022125244	1,66494942277495E-6	3,46798151440453E-6	6,35084825262311E-6	1,07003288576379E-5	1,68394471984357E-5	2,51342444244074E-5	3,58398356183898E-5	4,9191639845958E-5	6,54643736197613E-5	8,48282361403108E-5	1,0752282832982E-4
4,47749996185303	1,67318933108618E-6	3,48723824572517E-6	6,39048903394723E-6	1,07747227957589E-5	1,69672148331301E-5	2,53384459938388E-5	3,61492857336998E-5	4,96390312036965E-5	6,60846271784976E-5	8,5663479694631E-5	1,08618594822474E-4
4,53749990463257	1,68152712376468E-6	3,50616937794257E-6	6,42968825559365E-6	1,08483609437826E-5	1,70936491485918E-5	2,55419017776148E-5	3,6456487578107E-5	5,00762507726904E-5	6,67020067339763E-5	8,64960820763372E-5	1,09710839751642E-4
4,59700012207031	1,68936912814388E-6	3,52439201378729E-6	6,46797479930683E-6	1,09201719169505E-5	1,7216461856151E-5	2,57397787208902E-5	3,67563479812816E-5	5,05092830280773E-5	6,73068716423586E-5	8,73129974934272E-5	1,10781897092238E-4
4,6564998626709		1,69708062003338E-6	3,54250596501515E-6	6,50543688607286E-6	1,0990221198881E-5	1,7337448298349E-5	2,59349908446893E-5	3,70533671230078E-5	5,09377277921885E-5	6,79058939567767E-5	8,81197556736879E-5	1,11843190097716E-4
4,71649980545044	1,70473333582777E-6	3,56013151758816E-6	6,5425460888946E-6	1,10600067273481E-5	1,74586075445404E-5	2,61294153460767E-5	3,73494076484349E-5	5,13652084919158E-5	6,85053310007788E-5	8,89312068466097E-5	1,12907691800501E-4
4,77600002288818	1,71214367128414E-6	3,57736780642881E-6	6,5785361584858E-6	1,11281387944473E-5	1,75765162566677E-5	2,63204437942477E-5	3,76406715076882E-5	5,17881926498376E-5	6,90950619173236E-5	8,97296777111478E-5	1,13959911686834E-4
4,83599996566772	1,71939598203608E-6	3,59411319550418E-6	6,61404646962183E-6	1,11955123429652E-5	1,76939302036772E-5	2,65101352852071E-5	3,79302546207327E-5	5,22076879860833E-5	6,96839924785309E-5	9,05254928511567E-5	1,15007562271785E-4
4,89550018310547	1,7264035250264E-6	3,6106553125137E-6	6,64842173137004E-6	1,12613060991862E-5	1,78079408215126E-5	2,66955084953224E-5	3,82128964702133E-5	5,26193616678938E-5	7,02601464581676E-5	9,13049225346185E-5	1,16034520033281E-4
4,95499992370605	1,73332966824091E-6	3,62667151421192E-6	6,68248549118289E-6	1,13254427560605E-5	1,79200251295697E-5	2,68781459453749E-5	3,84920458600391E-5	5,30246070411522E-5	7,08306179149076E-5	9,20778766158037E-5	1,17052237328608E-4
5,0149998664856		1,74006981978891E-6	3,64261427421297E-6	6,71565339871449E-6	1,13893602247117E-5	1,80318475031527E-5	2,70599994109944E-5	3,87708787457086E-5	5,34319551661611E-5	7,1401271270588E-5	9,28514637053013E-5	1,18074734928086E-4
5,07450008392334	1,7467189081799E-6	3,65792311640689E-6	6,7485138970369E-6	1,14518006739672E-5	1,81412397068925E-5	2,72379766101949E-5	3,90446366509423E-5	5,38320309715346E-5	7,19642630429007E-5	9,36145734158345E-5	1,19082615128718E-4
5,13450002670288	1,75311117800447E-6	3,67304755855002E-6	6,78055903335917E-6	1,15134598672739E-5	1,82491785380989E-5	2,74142785201548E-5	3,9314734749496E-5	5,42278539796826E-5	7,25200734450482E-5	9,43711420404725E-5	1,20083102956414E-4
5,19399976730347	1,75946252056747E-6	3,68772248293681E-6	6,81186793372035E-6	1,15737893793266E-5	1,83550564543111E-5	2,75882994174026E-5	3,95825372834224E-5	5,46188530279323E-5	7,30718020349741E-5	9,51212277868763E-5	1,21074757771567E-4
5,25349998474121	1,76554976860643E-6	3,70194766219356E-6	6,84244923832011E-6	1,16325290946406E-5	1,84590007847873E-5	2,77583676506765E-5	3,98444608435966E-5	5,50037948414683E-5	7,36137444619089E-5	9,5859075372573E-5	1,22051780635957E-4
5,31349992752075	1,77166054982081E-6	3,71626060768904E-6	6,872912763356E-6	1,16910132419434E-5	1,85617500392254E-5	2,79280775430379E-5	4,01073011744302E-5	5,53886529814918E-5	7,41570256650448E-5	9,65985309449025E-5	1,23033474665135E-4
5,3730001449585		1,7773780882635E-6	3,72992258235172E-6	6,90258548274869E-6	1,17477175081149E-5	1,86622219189303E-5	2,80934509646613E-5	4,03636622650083E-5	5,57649364054669E-5	7,46874866308644E-5	9,7322350484319E-5	1,23993682791479E-4
5,43300008773804	1,7831881677921E-6	3,74349519915995E-6	6,93171114107827E-6	1,18043790280353E-5	1,87621390068671E-5	2,82577093457803E-5	4,06191284127999E-5	5,61401284357999E-5	7,52199266571552E-5	9,8047596111428E-5	1,24956335639581E-4
5,49249982833862	1,78870379841101E-6	3,75656736650853E-6	6,95999233357725E-6	1,18592124636052E-5	1,88598914974136E-5	2,84190919046523E-5	4,08688501920551E-5	5,6510696595069E-5	7,57436209823936E-5	9,87625026027672E-5	1,25907681649551E-4
5,55200004577637	1,79419328105723E-6	3,7694628645113E-6	6,98760004524956E-6	1,19132537292899E-5	1,89558722922811E-5	2,85777423414402E-5	4,11152868764475E-5	5,6873781431932E-5	7,62581112212501E-5	9,94664806057699E-5	1,26843253383413E-4
5,61199998855591	1,79951507561782E-6	3,78206118512026E-6	7,01506451150635E-6	1,19665392048773E-5	1,90509963431396E-5	2,87351067527197E-5	4,13606030633673E-5	5,72376229683869E-5	7,67747405916452E-5	1,00172095699236E-4	1,2778042582795E-4
5,67150020599365	1,80475149136328E-6	3,79429343411175E-6	7,04153217157E-6	1,20183731269208E-5	1,91440867638448E-5	2,88881910819327E-5	4,16013281210326E-5	5,75930971535854E-5	7,72778075770475E-5	1,00863791885786E-4	1,28700252389535E-4
5,73150014877319	1,80981760422583E-6	3,8065270473453E-6	7,06776881997939E-6	1,20695503937895E-5	1,92360548680881E-5	2,90417119686026E-5	4,18404561060015E-5	5,79471488890704E-5	7,77831301093102E-5	1,01555669971276E-4	1,29622421809472E-4
5,79099988937378	1,81487303052563E-6	3,81822974304669E-6	7,09330743120518E-6	1,2120176506869E-5	1,93261894310126E-5	2,919240432675E-5	4,20760115957819E-5	5,82959401072003E-5	7,82795832492411E-5	1,02237696410157E-4	1,30533197079785E-4
5,85050010681152	1,81969789991854E-6	3,82971757062478E-6	7,11834945832379E-6	1,21693783512455E-5	1,94148778973613E-5	2,93396205961471E-5	4,23068377131131E-5	5,86395653954241E-5	7,87686003604904E-5	1,02908306871541E-4	1,31429856992327E-4
5,91050004959106	1,82438759566139E-6	3,84089662475162E-6	7,14316865924047E-6	1,22175524666091E-5	1,950252953975E-5	2,94865458272398E-5	4,25369216827676E-5	5,89833143749274E-5	7,92581267887726E-5	1,03581893199589E-4	1,3232916535344E-4
5,96999979019165	1,82904352641344E-6	3,85194562113611E-6	7,16712520443252E-6	1,22654037113534E-5	1,95883749256609E-5	2,96298803732498E-5	4,27620871050749E-5	5,93191216466948E-5	7,97372631495819E-5	1,04243292298634E-4	1,33208173792809E-4
6,03000020980835	1,83365921202494E-6	3,86287138098851E-6	7,19080890121404E-6	1,23126947073615E-5	1,96736291400157E-5	2,97728565783473E-5	4,29868850915227E-5	5,96545032749418E-5	8,0217796494253E-5	1,04902668681461E-4	1,34092304506339E-4
6,08949995040894	1,83805093456613E-6	3,87321415473707E-6	7,21398373570992E-6	1,23585141409421E-5	1,97571116586914E-5	2,99121147691039E-5	4,32076922152191E-5	5,99840495851822E-5	8,06889875093475E-5	1,05553175671957E-4	1,3496341125574E-4
6,14900016784668	1,84244083811791E-6	3,8860025597387E-6	7,23668290447677E-6	1,24033449537819E-5	1,98382058442803E-5	3,00492611131631E-5	4,34244757343549E-5	6,03072439844254E-5	8,11534919193946E-5	1,06194645923097E-4	1,35821392177604E-4
6,20900011062622	1,84669761438272E-6	3,8956459320616E-6	7,25893232811359E-6	1,24479411169887E-5	1,99192800209858E-5	3,01866930385586E-5	4,36413829447702E-5	6,06322464591358E-5	8,1618047261145E-5	1,06836465420201E-4	1,36683491291478E-4
6,26849985122681	1,8508768562242E-6	3,90517880077823E-6	7,28061013433035E-6	1,24914549815003E-5	1,99983478523791E-5	3,03202141367365E-5	4,38520692114253E-5	6,09480812272523E-5	8,20731074782088E-5	1,07464402390178E-4	1,37526105390862E-4
6,32849979400635	1,85501812666189E-6	3,91447201764095E-6	7,30210240362794E-6	1,25338292491506E-5	2,00769682123791E-5	3,04529712593649E-5	4,40627591160592E-5	6,12648946116678E-5	8,25292518129572E-5	1,08095744508319E-4	1,38372779474594E-4
6,38800001144409	1,85899227744812E-6	3,92366291634971E-6	7,32274065740057E-6	1,25753922475269E-5	2,01533148356248E-5	3,0582621548092E-5	4,42687814938836E-5	6,15760291111656E-5	8,29738419270143E-5	1,08714142697863E-4	1,39203417347744E-4
6,44799995422363	1,8630030353961E-6	3,93277969124028E-6	7,34339982955134E-6	1,26166942209238E-5	2,02292012545513E-5	3,07123045786284E-5	4,447421815712E-5	6,18854392087087E-5	8,34190577734262E-5	1,09332780994009E-4	1,40033938805573E-4
6,50750017166138	1,86692682291323E-6	3,94168000639183E-6	7,36371885068365E-6	1,26569366329932E-5	2,0303614292061E-5	3,08382914226968E-5	4,46768463007174E-5	6,21884973952547E-5	8,38583073345944E-5	1,09941975097172E-4	1,40852716867812E-4
6,56699991226196	1,87042314792052E-6	3,95040387957124E-6	7,38280550649506E-6	1,26968589029275E-5	2,03765557671431E-5	3,09622846543789E-5	4,48742721346207E-5	6,24872336629778E-5	8,42886511236429E-5	1,10541084723081E-4	1,41659678774886E-4
6,6269998550415		1,87410626040219E-6	3,95904498873279E-6	7,40210225558258E-6	1,2735966265609E-5	2,04483840207104E-5	3,10853029077407E-5	4,50718398496974E-5	6,27856279606931E-5	8,47211776999757E-5	1,11141533125192E-4	1,4247051149141E-4
6,68650007247925	1,87762668701907E-6	3,96742370867287E-6	7,42068823456066E-6	1,2774126844306E-5	2,05186825041892E-5	3,12057527480647E-5	4,52650674560573E-5	6,30781796644442E-5	8,51442018756643E-5	1,11731002107263E-4	1,43265730002895E-4
6,74650001525879	1,88112346677372E-6	3,975803792855E-6	7,4393838076503E-6	1,28115761981462E-5	2,05886863113847E-5	3,13256205117796E-5	4,54563705716282E-5	6,33700983598828E-5	8,55667676660232E-5	1,12320187326986E-4	1,4406158879865E-4
6,80600023269653	1,88458159300353E-6	3,98358088204986E-6	7,45756142350729E-6	1,28486053654342E-5	2,0657193090301E-5	3,1442930776393E-5	4,56450579804368E-5	6,36574841337278E-5	8,5983396274969E-5	1,12902562250383E-4	1,44845107570291E-4
6,86549997329712	1,8878605487771E-6	3,99143345930497E-6	7,47528110878193E-6	1,28843557831715E-5	2,07244702323806E-5	3,15582292387262E-5	4,58302019978873E-5	6,39398203929886E-5	8,63942768773995E-5	1,13474976387806E-4	1,45620957482606E-4
6,92549991607666	1,89117224635993E-6	3,99905366066378E-6	7,49264290789142E-6	1,29199916045764E-5	2,07907487492776E-5	3,16733494400978E-5	4,60156006738544E-5	6,42209415673278E-5	8,68038114276715E-5	1,14048896648455E-4	1,46396429045126E-4
6,9850001335144		1,89420472906932E-6	4,00658382204711E-6	7,50961407902651E-6	1,29546660900814E-5	2,08555702556623E-5	3,17854937748052E-5	4,61968993477058E-5	6,44968095002696E-5	8,72049713507295E-5	1,1461072426755E-4	1,47158672916703E-4
7,04500007629395	1,89738443623355E-6	4,01398983740364E-6	7,52685809857212E-6	1,29890577227343E-5	2,09198697120883E-5	3,18973943649326E-5	4,63764699816238E-5	6,47729248157702E-5	8,76073245308362E-5	1,15173927042633E-4	1,47923710756004E-4
7,10449981689453	1,90057585314207E-6	4,02135265176184E-6	7,54305119698984E-6	1,30226590044913E-5	2,09832651307806E-5	3,2006973924581E-5	4,65530247311108E-5	6,50423171464354E-5	8,80020525073633E-5	1,15726368676405E-4	1,48675113450736E-4
7,16400003433228	1,90345019746019E-6	4,02817204303574E-6	7,55899145588046E-6	1,30558773889788E-5	2,10443777177716E-5	3,21140796586405E-5	4,67267564090434E-5	6,53078022878617E-5	8,83891407283954E-5	1,16271927254274E-4	1,49415864143521E-4
7,22399997711182	1,90640241726214E-6	4,03493868361693E-6	7,57471298129531E-6	1,30878634081455E-5	2,11059141292935E-5	3,22202176903374E-5	4,68998150608968E-5	6,5573665779084E-5	8,87786663952284E-5	1,16817980597261E-4	1,50158011820167E-4
7,28350019454956	1,90925470633374E-6	4,04159118261305E-6	7,59028353058966E-6	1,31195802168804E-5	2,11656388273695E-5	3,23238928103819E-5	4,70689956273418E-5	6,58324643154629E-5	8,91596137080342E-5	1,17352064989973E-4	1,50886946357787E-4
7,3435001373291		1,91213939615409E-6	4,04826641897671E-6	7,6051301221014E-6	1,31510532810353E-5	2,12248160096351E-5	3,24270222336054E-5	4,72376559628174E-5	6,60915538901463E-5	8,95383782335557E-5	1,17887568194419E-4	1,51617074152455E-4
7,40299987792969	1,9148624232912E-6	4,05463697461528E-6	7,61976662033703E-6	1,31810584207415E-5	2,12821632885607E-5	3,25280780089088E-5	4,74023254355416E-5	6,63439714116976E-5	8,99109654710628E-5	1,18412739539053E-4	1,52332067955285E-4
7,46250009536743	1,91758681467036E-6	4,06102708438993E-6	7,63404204917606E-6	1,32112400024198E-5	2,133946873073E-5	3,2627514883643E-5	4,75658125651535E-5	6,6595537646208E-5	9,02804749784991E-5	1,18935837235767E-4	1,53042899910361E-4
7,52250003814697	1,9201502254873E-6	4,06708431910374E-6	7,64861579227727E-6	1,32406385091599E-5	2,13956300285645E-5	3,27256675518584E-5	4,77278117614333E-5	6,6846187110059E-5	9,06479835975915E-5	1,19456177344546E-4	1,5375304792542E-4
7,58199977874756	1,92268998944201E-6	4,07274183089612E-6	7,66228095017141E-6	1,32691084218095E-5	2,14503834286006E-5	3,28225469274912E-5	4,78857837151736E-5	6,70905646984465E-5	9,10080852918327E-5	1,19965749036055E-4	1,54451059643179E-4
7,64200019836426	1,92514039554226E-6	4,07876359531656E-6	7,67577330407221E-6	1,32982395371073E-5	2,15045984077733E-5	3,29183058056515E-5	4,80424605484586E-5	6,73344038659707E-5	9,13689364097081E-5	1,20475393487141E-4	1,55147208715789E-4
7,70149993896484	1,92755169337033E-6	4,08437972510001E-6	7,68894551583799E-6	1,33255271066446E-5	2,15575419133529E-5	3,30119255522732E-5	4,81963106722105E-5	6,75727787893265E-5	9,17210927582346E-5	1,20973745652009E-4	1,55831687152386E-4
7,76100015640259	1,92999482351297E-6	4,0900695239543E-6	7,70190490584355E-6	1,33523362819687E-5	2,16092248592759E-5	3,31044502672739E-5	4,83480798720848E-5	6,78111464367248E-5	9,20719903660938E-5	1,21471552120056E-4	1,56510359374806E-4
7,82100009918213	1,93231448974984E-6	4,09565564041259E-6	7,71470786276041E-6	1,33796493173577E-5	2,16610678762663E-5	3,31953451677691E-5	4,84989614051301E-5	6,80453958921134E-5	9,24206615309231E-5	1,21967204904649E-4	1,57188158482313E-4
7,88049983978271	1,93469873011054E-6	4,10111442761263E-6	7,72740440879716E-6	1,34057600007509E-5	2,17106171476189E-5	3,32845011143945E-5	4,86472272314131E-5	6,82754907757044E-5	9,27599903661758E-5	1,22451514471322E-4	1,5785256982781E-4
7,94049978256226	1,93697883332788E-6	4,1063858589041E-6	7,73941337683937E-6	1,34317606352852E-5	2,17609140236164E-5	3,33730749844108E-5	4,87943943880964E-5	6,85056220390834E-5	9,31001704884693E-5	1,22935191029683E-4	1,58518552780151E-4
8			1,93922824109904E-6	4,11155042456812E-6	7,75135322328424E-6	1,34569372676197E-5	2,18093391595175E-5	3,34597498294897E-5	4,89372359879781E-5	6,87291540089063E-5	9,34332056203857E-5	1,23410849482752E-4	1,5917225391604E-4
8,05949974060059	1,94134076991759E-6	4,11657765653217E-6	7,76298293203581E-6	1,34814117700444E-5	2,1858117179363E-5	3,35449221893214E-5	4,90788952447474E-5	6,89510925440118E-5	9,37638396862894E-5	1,23883393825963E-4	1,59823190188035E-4
8,11950016021729	1,943605411725E-6	4,12147574024857E-6	7,77459081291454E-6	1,35056834551506E-5	2,19055200432194E-5	3,36291122948751E-5	4,92203325848095E-5	6,91709356033243E-5	9,40929166972637E-5	1,2435125245247E-4	1,60468945978209E-4
8,17899990081787	1,94566064237733E-6	4,12615054301568E-6	7,78582034399733E-6	1,35293039420503E-5	2,19514095078921E-5	3,37122473865747E-5	4,93587140226737E-5	6,93897527526133E-5	9,44151033763774E-5	1,24812999274582E-4	1,61107556778006E-4
8,23900032043457	1,94762651517522E-6	4,13110410590889E-6	7,79691617935896E-6	1,35530808620388E-5	2,19970497710165E-5	3,3794240152929E-5	4,94953637826256E-5	6,96040879120119E-5	9,47352746152319E-5	1,25273887533695E-4	1,61740594194271E-4
8,29850006103516	1,94963195099263E-6	4,13563975598663E-6	7,80768368713325E-6	1,35756918098195E-5	2,20415477087954E-5	3,39209291269071E-5	4,96290158480406E-5	6,98144212947227E-5	9,50499306782149E-5	1,25724865938537E-4	1,62362513947301E-4
8,35799980163574	1,95164261640457E-6	4,14005626225844E-6	7,81795006332686E-6	1,35984955704771E-5	2,20856036321493E-5	3,39837024512235E-5	4,97617147630081E-5	7,0023161242716E-5	9,53629569266923E-5	1,2617337051779E-4	1,62983051268384E-4
8,41800022125244	1,95366669686337E-6	4,14453370467527E-6	7,82846473157406E-6	1,36202779685846E-5	2,21284844883485E-5	3,40537771990057E-5	4,98917543154676E-5	7,02276956872083E-5	9,56710209720768E-5	1,2661782966461E-4	1,63597956998274E-4
8,47749996185303	1,95537882063945E-6	4,14879514210043E-6	7,83834093454061E-6	1,36414082589909E-5	2,21709051402286E-5	3,41251652571373E-5	5,00203459523618E-5	7,04305930412374E-5	9,59772369242273E-5	1,27055434859358E-4	1,64206096087582E-4
8,53750038146973	1,95727716345573E-6	4,15298063671798E-6	7,84865733294282E-6	1,36633725560387E-5	2,22129092435353E-5	3,41981613019016E-5	5,01455651829019E-5	7,06327264197171E-5	9,62802951107733E-5	1,27492588944733E-4	1,64812008733861E-4
8,59700012207031	1,95904112842982E-6	4,15716249335674E-6	7,85811243986245E-6	1,36837879836094E-5	2,22534836211707E-5	3,42693201673683E-5	5,02677976328414E-5	7,08299048710614E-5	9,65772269410081E-5	1,27923893160187E-4	1,65404853760265E-4
8,6564998626709		1,9609319679148E-6	4,16117154600215E-6	7,8676766861463E-6	1,37043552967953E-5	2,22932922042673E-5	3,43401879945304E-5	5,038814197178E-5	7,10251551936381E-5	9,6871837740764E-5	1,28346160636283E-4	1,65992896654643E-4
8,7165002822876		1,96262612917053E-6	4,16514058088069E-6	7,87677436164813E-6	1,37244333018316E-5	2,233292980236E-5	3,44108884746674E-5	5,05093667015899E-5	7,12203545845114E-5	9,71658591879532E-5	1,28768180729821E-4	1,66582336532883E-4
8,77600002288818	1,96432029042626E-6	4,16904913436156E-6	7,88600573287113E-6	1,37443657877157E-5	2,2371694285539E-5	3,44800682796631E-5	5,06288233736996E-5	7,14111447450705E-5	9,74538270384073E-5	1,29187043057755E-4	1,67164122103713E-4
8,83600044250488	1,96600558410864E-6	4,17287310483516E-6	7,89488512964454E-6	1,3763553397439E-5	2,24104405788239E-5	3,45493463100865E-5	5,07466029375792E-5	7,15992937330157E-5	9,77423042058945E-5	1,29601321532391E-4	1,67741236509755E-4
8,89550018310547	1,96761402548873E-6	4,1766115828068E-6	7,90354988566833E-6	1,37822280521505E-5	2,24473824346205E-5	3,4615644835867E-5	5,08626544615254E-5	7,17843213351443E-5	9,80229160632007E-5	1,30008047563024E-4	1,68308484717272E-4
8,95499992370605	1,96914515981916E-6	4,18007130065234E-6	7,91211277828552E-6	1,38008226713282E-5	2,24843497562688E-5	3,46810229530092E-5	5,09761885041371E-5	7,19672898412682E-5	9,83003046712838E-5	1,30410087876953E-4	1,68871090863831E-4
9,01500034332275	1,97088797904144E-6	4,18375702793128E-6	7,92062564869411E-6	1,38188779601478E-5	2,25204712478444E-5	3,474725963315E-5	5,10897625645157E-5	7,21503092790954E-5	9,85762526397593E-5	1,30813990836032E-4	1,69431659742258E-4
9,07450008392334	1,97235385712702E-6	4,18724448536523E-6	7,92880564404186E-6	1,38362784127821E-5	2,25562307605287E-5	3,48115390806925E-5	5,12004407937638E-5	7,23292032489553E-5	9,88489628070965E-5	1,31210370454937E-4	1,69984952663071E-4
9,13449954986572	1,97376925825665E-6	4,19069601775846E-6	7,93681374489097E-6	1,38539589897846E-5	2,25898875214625E-5	3,48759458574932E-5	5,13093473273329E-5	7,25050704204477E-5	9,91184424492531E-5	1,31600012537092E-4	1,70533516211435E-4
9,19400024414063	1,97527924683527E-6	4,19396747020073E-6	7,94460720499046E-6	1,38708128361031E-5	2,26241008931538E-5	3,49387046298943E-5	5,14164930791594E-5	7,26798025425524E-5	9,93840876617469E-5	1,31988112116233E-4	1,71078194398433E-4
9,25349998474121	1,97680265046074E-6	4,19718980992911E-6	7,95194682723377E-6	1,38881450766348E-5	2,26577030844055E-5	3,49990550603252E-5	5,15227511641569E-5	7,2850460128393E-5	9,96449889498763E-5	1,32370565552264E-4	1,71611842233688E-4
9,31350040435791	1,97817212210794E-6	4,20031574321911E-6	7,95965206634719E-6	1,39043722811039E-5	2,26910269702785E-5	3,50604823324829E-5	5,16279578732792E-5	7,30207757442258E-5	9,99061958282255E-5	1,32752655190416E-4	1,72148997080512E-4
9,3730001449585		1,9795668322331E-6	4,20346714236075E-6	7,96712083683815E-6	1,39199091790942E-5	2,27231721510179E-5	3,51191774825566E-5	5,17309454153292E-5	7,3187482485082E-5	1,00162556918804E-4	1,33125489810482E-4	1,72675849171355E-4
9,43299961090088	1,98091061065497E-6	4,2066230889759E-6	7,97457505541388E-6	1,3936042705609E-5	2,27551790885627E-5	3,51781563949771E-5	5,18329979968257E-5	7,33545675757341E-5	1,00418277725112E-4	1,33498630020767E-4	1,73201056895778E-4
9,49250030517578	1,98229395209637E-6	4,20946435042424E-6	7,98153541836655E-6	1,39513567773975E-5	2,27866730710957E-5	3,52366187144071E-5	5,19327877555043E-5	7,35182838980109E-5	1,00667632068507E-4	1,33866924443282E-4	1,73718741280027E-4
9,55200004577637	1,98354564417969E-6	4,21231789005105E-6	7,98844121163711E-6	1,39662788569694E-5	2,28170429181773E-5	3,5293836845085E-5	5,20310204592533E-5	7,3678937042132E-5	1,00915880466346E-4	1,34229499963112E-4	1,74230503034778E-4
9,61200046539307	1,98488214664394E-6	4,21510821979609E-6	7,99543613538845E-6	1,39812855195487E-5	2,28471835725941E-5	3,53500508936122E-5	5,21291658515111E-5	7,38382441340946E-5	1,01162826467771E-4	1,34591711685061E-4	1,74742919625714E-4
9,67150020599365	1,98609654944448E-6	4,21802542405203E-6	8,0018253356684E-6	1,39958247018512E-5	2,2876482034917E-5	3,54050825990271E-5	5,22253394592553E-5	7,39954048185609E-5	1,014040899463E-4	1,34945832542144E-4	1,75243723788299E-4
9,73149967193604	1,9873602923326E-6	4,22091761720367E-6	8,00858015281847E-6	1,40107777042431E-5	2,2906533558853E-5	3,54598596459255E-5	5,23214730492327E-5	7,41510157240555E-5	1,01645367976744E-4	1,35301786940545E-4	1,75743669387884E-4
9,79100036621094	1,98865950551408E-6	4,22359426011099E-6	8,01516580395401E-6	1,40244974318193E-5	2,29353063332383E-5	3,55130759999156E-5	5,24150382261723E-5	7,43051059544086E-5	1,01881552836858E-4	1,35653768666089E-4	1,76238740095869E-4
9,85099983215332	1,98989437194541E-6	4,22625544160837E-6	8,02136128186248E-6	1,40384699989227E-5	2,2963287847233E-5	3,55657430191059E-5	5,2506922656903E-5	7,44560093153268E-5	1,02116733614821E-4	1,35999405756593E-4	1,76730260136537E-4
9,91049957275391	1,99115424948104E-6	4,22872653871309E-6	8,02746853878489E-6	1,40518823172897E-5	2,29911274800543E-5	3,56180207745638E-5	5,25974210177083E-5	7,46033329050988E-5	1,02345977211371E-4	1,36338450829498E-4	1,77212103153579E-4
9,97000026702881	1,99239411813323E-6	4,23135406890651E-6	8,03348211775301E-6	1,40652737172786E-5	2,30178593483288E-5	3,56679847755004E-5	5,26866569998674E-5	7,47499507269822E-5	1,02574093034491E-4	1,36675298563205E-4	1,77687921677716E-4
10,0299997329712	1,99345026885567E-6	4,23405117544462E-6	8,03921466285829E-6	1,40783795359312E-5	2,30445330089424E-5	3,57178141712211E-5	5,27748015883844E-5	7,48961829231121E-5	1,02800360764377E-4	1,37011229526252E-4	1,78165995748714E-4
10,0895004272461	1,99452711058257E-6	4,23640631197486E-6	8,04505725682247E-6	1,4091139746597E-5	2,30711866606725E-5	3,576752715162E-5	5,28622331330553E-5	7,50406106817536E-5	1,03022888652049E-4	1,37340946821496E-4	1,78638292709365E-4
10,1494998931885	1,99567966774339E-6	4,23884148403886E-6	8,05105446488597E-6	1,41040782182245E-5	2,30966797971632E-5	3,58158795279451E-5	5,29469289176632E-5	7,5180119893048E-5	1,03241844044533E-4	1,37666167574935E-4	1,79104157723486E-4
10,2089996337891	1,99673627321317E-6	4,24101335738669E-6	8,05648051027674E-6	1,4115888006927E-5	2,31215126405004E-5	3,58631295966916E-5	5,30308279849123E-5	7,53207204979844E-5	1,03461010439787E-4	1,37990151415579E-4	1,79562019184232E-4
10,268500328064		1,99785290533328E-6	4,2432770896994E-6	8,06155276222853E-6	1,41277823786368E-5	2,31466838158667E-5	3,59096811735071E-5	5,3113340982236E-5	7,54572902224027E-5	1,03674705314916E-4	1,38309944304638E-4	1,80016737431288E-4
10,3284997940063	1,99904229702952E-6	4,24558584199985E-6	8,06695334176766E-6	1,41396094477386E-5	2,3171571228886E-5	3,59564983227756E-5	5,3193791245576E-5	7,55936052883044E-5	1,03887519799173E-4	1,38628267450258E-4	1,8047247431241E-4
10,3879995346069	2,00007320927398E-6	4,24772451879107E-6	8,07207197794924E-6	1,41509190143552E-5	2,31946687563322E-5	3,60020894731861E-5	5,32743288204074E-5	7,57279849494807E-5	1,04094950074796E-4	1,38937844894826E-4	1,80915798409842E-4
10,4479999542236	2,0010702428408E-6	4,24986183134024E-6	8,07732976682018E-6	1,41622249429929E-5	2,32181046158075E-5	3,60466547135729E-5	5,33549900865182E-5	7,58600945118815E-5	1,04303522675764E-4	1,39250827487558E-4	1,81362731382251E-4
10,5074996948242	2,00210865841655E-6	4,25203461418278E-6	8,081901796686E-6	1,41734417411499E-5	2,3241311282618E-5	3,60910853487439E-5	5,34323298779782E-5	7,59898975957185E-5	1,04509403172415E-4	1,39555224450305E-4	1,81799463462085E-4
10,5670003890991	2,0030201994814E-6	4,25386497227009E-6	8,08692766440799E-6	1,41840155265527E-5	2,32636757573346E-5	3,61332495231181E-5	5,35084545845166E-5	7,61168339522555E-5	1,04708728031255E-4	1,39857991598547E-4	1,82231058715843E-4
10,6269998550415	2,00405747818877E-6	4,25579492002726E-6	8,09219727671007E-6	1,41944583447184E-5	2,328628761461E-5	3,61763122782577E-5	5,35836952622049E-5	7,62445342843421E-5	1,04910024674609E-4	1,40157571877353E-4	1,82662537554279E-4
10,6864995956421	2,00498516278458E-6	4,25790722147212E-6	8,09684570413083E-6	1,42048174893716E-5	2,33076443691971E-5	3,6216984881321E-5	5,36576299055014E-5	7,63683638069779E-5	1,05104933027178E-4	1,40451506013051E-4	1,83084630407393E-4
10,7465000152588	2,00595309252094E-6	4,2599194784998E-6	8,10127858130727E-6	1,42154549394036E-5	2,33291102631483E-5	3,62587779818568E-5	5,37324922333937E-5	7,64906799304299E-5	1,05300307041034E-4	1,40745949465781E-4	1,83509560883977E-4
10,8059997558594	2,00681779460865E-6	4,26200813308242E-6	8,10611891211011E-6	1,42247790790861E-5	2,33499722526176E-5	3,62991668225732E-5	5,38055028300732E-5	7,66145967645571E-5	1,05493323644623E-4	1,41035139677115E-4	1,83924217708409E-4
10,8655004501343	2,0078423403902E-6	4,26375390816247E-6	8,11031259217998E-6	1,42347216751659E-5	2,33700266107917E-5	3,63381259376183E-5	5,38765816600062E-5	7,67330056987703E-5	1,05681378045119E-4	1,41320080729201E-4	1,84334916411899E-4
10,9254999160767	2,00864610633289E-6	4,26556061938754E-6	8,11453537608031E-6	1,42447070174967E-5	2,33910395763814E-5	3,63785002264194E-5	5,39462744200137E-5	7,68512036302127E-5	1,05869774415623E-4	1,416032173438E-4	1,84745047590695E-4
10,9849996566772	2,00949534701067E-6	4,26768338002148E-6	8,11901463748654E-6	1,42541821332998E-5	2,34104190894868E-5	3,64161096513271E-5	5,40153778274544E-5	7,69668404245749E-5	1,06054219941143E-4	1,41882614116184E-4	1,85145530849695E-4
11,0450000762939	2,010332991631E-6	4,26925862484495E-6	8,12303551356308E-6	1,42631834023632E-5	2,34296785492916E-5	3,64533188985661E-5	5,40836008440237E-5	7,70824335631914E-5	1,06238410808146E-4	1,42158620292321E-4	1,85546959983185E-4
11,1044998168945	2,01125499188493E-6	4,27094710175879E-6	8,12711914477404E-6	1,42724620673107E-5	2,34485978580778E-5	3,64910520147532E-5	5,41511035407893E-5	7,71947889006697E-5	1,06417770439293E-4	1,42431235872209E-4	1,85941316885874E-4
11,1639995574951	2,01206376004848E-6	4,27271424996434E-6	8,13129918242339E-6	1,4281268704508E-5	2,34679991990561E-5	3,65269006579183E-5	5,42154157301411E-5	7,73063002270646E-5	1,06594350654632E-4	1,42700926517136E-4	1,86328747076914E-4
11,2239999771118	2,01296506929793E-6	4,27446593675995E-6	8,13532096799463E-6	1,42902026709635E-5	2,34860344789922E-5	3,65621090168133E-5	5,42813650099561E-5	7,74166837800294E-5	1,06771141872741E-4	1,42968812724575E-4	1,86719436896965E-4
11,2834997177124	2,01384204956412E-6	4,27613622377976E-6	8,13891711004544E-6	1,4298438145488E-5	2,35047882597428E-5	3,65968771802727E-5	5,43443748028949E-5	7,75235748733394E-5	1,06942505226471E-4	1,4323256618809E-4	1,87098368769512E-4
11,3435001373291	2,01452803594293E-6	4,27761187893339E-6	8,14232407719828E-6	1,43073702929541E-5	2,35222341871122E-5	3,66320418834221E-5	5,44074209756218E-5	7,76313900132664E-5	1,07115061837249E-4	1,43494573421776E-4	1,87477256986313E-4
11,4029998779297	2,01536158783711E-6	4,2789802137122E-6	8,14612121757818E-6	1,43157021739171E-5	2,35394909395836E-5	3,6665347579401E-5	5,44694667041767E-5	7,77370951254852E-5	1,0728562483564E-4	1,43751633004285E-4	1,87851954251528E-4
11,4624996185303	2,01625834961305E-6	4,28075190939126E-6	8,14981467556208E-6	1,43236266012536E-5	2,35565512411995E-5	3,66989224858116E-5	5,45312141184695E-5	7,78411776991561E-5	1,07452295196708E-4	1,44006233313121E-4	1,88223479199223E-4
11,522500038147		2,01711054614862E-6	4,28234579885611E-6	8,15318708191626E-6	1,43314291563001E-5	2,35731768043479E-5	3,6732068110723E-5	5,45923285244498E-5	7,79458423494361E-5	1,07616775494535E-4	1,44258650834672E-4	1,88592122867703E-4
11,5819997787476	2,01774992092396E-6	4,28366865889984E-6	8,15667499409756E-6	1,43391253004665E-5	2,35898714890936E-5	3,67643988283817E-5	5,46487353858538E-5	7,80457121436484E-5	1,0777817806229E-4	1,44505262142047E-4	1,88952850294299E-4
11,6420001983643	2,01847819880641E-6	4,28530211138423E-6	8,16043848317349E-6	1,43466213557986E-5	2,36062605836196E-5	3,67966458725277E-5	5,47075032955036E-5	7,81457129050978E-5	1,07940089947078E-4	1,44753299537115E-4	1,89314378076233E-4
11,7014999389648	2,01927991838602E-6	4,28667317464715E-6	8,16404644865543E-6	1,43542374644312E-5	2,36222058447311E-5	3,68274122592993E-5	5,47645431652199E-5	7,8244527685456E-5	1,08099404314999E-4	1,44993638969027E-4	1,8967007054016E-4
11,7609996795654	2,01992770598736E-6	4,28807061325642E-6	8,1669068094925E-6	1,43620436574565E-5	2,36379128182307E-5	3,68580331269186E-5	5,48215793969575E-5	7,83391878940165E-5	1,08255590021145E-4	1,45234749652445E-4	1,90023318282329E-4
11,8210000991821	2,02071532839909E-6	4,28932798968162E-6	8,17010004539043E-6	1,43691268021939E-5	2,36524792853743E-5	3,68879045709036E-5	5,48768548469525E-5	7,8435696195811E-5	1,08410065877251E-4	1,45473124575801E-4	1,90373204532079E-4
11,8804998397827	2,02138198801549E-6	4,29074134444818E-6	8,17308136902284E-6	1,43754314194666E-5	2,36678515648237E-5	3,69173867511563E-5	5,49300275451969E-5	7,85300217103213E-5	1,08560714579653E-4	1,45706784678623E-4	1,90718725207262E-4
11,9405002593994	2,02205546884215E-6	4,2922142711177E-6	8,17628642835189E-6	1,43825682243914E-5	2,3682479877607E-5	3,69465960829984E-5	5,49835785932373E-5	7,86228338256478E-5	1,08713509689551E-4	1,45938596688211E-4	1,9106145191472E-4
12			2,02277283278818E-6	4,29334522777935E-6	8,17895306681748E-6	1,43893148560892E-5	2,36972755374154E-5	3,6975419789087E-5	5,50367913092487E-5	7,87133758421987E-5	1,0886242671404E-4	1,4616726548411E-4	1,91395927686244E-4
12,0594997406006	2,02347769118205E-6	4,29483498010086E-6	8,18195985630155E-6	1,43960569403134E-5	2,37110816669883E-5	3,70036941603757E-5	5,50881122762803E-5	7,88042525527999E-5	1,09007283754181E-4	1,46395337651484E-4	1,91734128748067E-4
12,1195001602173	2,02413639271981E-6	4,29596275353106E-6	8,18462649476714E-6	1,44028117574635E-5	2,37254807871068E-5	3,70309535355773E-5	5,51399862160906E-5	7,88932738942094E-5	1,09152380900923E-4	1,46620761370286E-4	1,92066305316985E-4
12,1789999008179	2,02482374334068E-6	4,29730744144763E-6	8,18779426481342E-6	1,44088389788521E-5	2,3738612071611E-5	3,70580601156689E-5	5,51901284779888E-5	7,89803671068512E-5	1,09296386654023E-4	1,46840480738319E-4	1,92392020835541E-4
12,2390003204346	2,02546470973175E-6	4,29855072070495E-6	8,19069646240678E-6	1,44150553751388E-5	2,37524836848024E-5	3,70848392776679E-5	5,5241325753741E-5	7,90667472756468E-5	1,09438624349423E-4	1,47059472510591E-4	1,92717197933234E-4
12,2985000610352	2,02604337573575E-6	4,29972851634375E-6	8,1937369031948E-6	1,44214482133975E-5	2,37652457144577E-5	3,71113674191292E-5	5,52899582544342E-5	7,91522033978254E-5	1,09576671093237E-4	1,47274302435108E-4	1,93036627024412E-4
12,3579998016357	2,02670548787864E-6	4,3009863475163E-6	8,19608794699889E-6	1,44270716191386E-5	2,37785006902413E-5	3,71365276805591E-5	5,5338296078844E-5	7,92347564129159E-5	1,09714826976415E-4	1,47488754009828E-4	1,93354586372152E-4
12,4180002212524	2,02740579879901E-6	4,30216005042894E-6	8,19906199467368E-6	1,44329969771206E-5	2,3791169951437E-5	3,71629030269105E-5	5,53850804863032E-5	7,93170183897018E-5	1,09848915599287E-4	1,47700688103214E-4	1,93671323359013E-4
12,477499961853		2,02799242288165E-6	4,30333511758363E-6	8,20156856207177E-6	1,44388732223888E-5	2,38037155213533E-5	3,71876849385444E-5	5,54313592147082E-5	7,93987346696667E-5	1,09985223389231E-4	1,47906728670932E-4	1,93981992197223E-4
12,5375003814697	2,02854948838649E-6	4,30422505814931E-6	8,204096047848E-6	1,44449722938589E-5	2,38161064771703E-5	3,72125468857121E-5	5,54782673134469E-5	7,94791412772611E-5	1,10117587610148E-4	1,48115388583392E-4	1,94289459614083E-4
12,5970001220703	2,02927981263201E-6	4,30515729021863E-6	8,20670811663149E-6	1,44497798828525E-5	2,38275079027517E-5	3,72358881577384E-5	5,55232436454389E-5	7,95578671386465E-5	1,10244742245413E-4	1,48317063576542E-4	1,94590757018887E-4
12,6564998626709	2,0298141407693E-6	4,30640284321271E-6	8,20909735921305E-6	1,44558816828066E-5	2,3838940251153E-5	3,72595750377513E-5	5,55670449102763E-5	7,96358363004401E-5	1,10372195194941E-4	1,48515799082816E-4	1,94889566046186E-4
12,7165002822876	2,03036211132712E-6	4,30759064329322E-6	8,21142748463899E-6	1,44614423334133E-5	2,3851151127019E-5	3,72830363630783E-5	5,56100421817973E-5	7,97130123828538E-5	1,10500433947891E-4	1,48716047988273E-4	1,95188011275604E-4
12,7760000228882	2,03103127205395E-6	4,30860973210656E-6	8,21369849290932E-6	1,44666873893584E-5	2,38622869801475E-5	3,73061338905245E-5	5,56524137209635E-5	7,97890970716253E-5	1,10626613604836E-4	1,48911844007671E-4	1,95484171854332E-4
12,8360004425049	2,03152762878744E-6	4,30945465268451E-6	8,21638150227955E-6	1,44715868373169E-5	2,38738666666904E-5	3,73290095012635E-5	5,56956256332342E-5	7,98629407654516E-5	1,10750152089167E-4	1,49105952004902E-4	1,95776388864033E-4
12,8955001831055	2,03194917958172E-6	4,31082889917889E-6	8,21867797640152E-6	1,4476511751127E-5	2,38846096181078E-5	3,7350178899942E-5	5,57364801352378E-5	7,9937010013964E-5	1,10871966171544E-4	1,49296232848428E-4	1,96062479517423E-4
12,9554996490479	2,03266563403304E-6	4,31168928116676E-6	8,22070524009177E-6	1,44813411679934E-5	2,38946195167955E-5	3,73722978110891E-5	5,57773782929871E-5	8,00092166173272E-5	1,10992856207304E-4	1,49488332681358E-4	1,963461691048E-4
13,0150003433228	2,03324384528969E-6	4,31269882028573E-6	8,22297261038329E-6	1,4486770851363E-5	2,39059336308856E-5	3,73930233763531E-5	5,58179417566862E-5	8,00802954472601E-5	1,11111476144288E-4	1,49676969158463E-4	1,96626526303589E-4
13,0745000839233	2,03383410735114E-6	4,31375701737124E-6	8,22477704787161E-6	1,44913637996069E-5	2,39162873185705E-5	3,74151350115426E-5	5,58576211915351E-5	8,0150792200584E-5	1,11226858280133E-4	1,49861763929948E-4	1,96904758922756E-4
13,1344995498657	2,0342863535916E-6	4,31467606176739E-6	8,22682522994E-6	1,44956784424721E-5	2,39264445553999E-5	3,74356859538239E-5	5,58957035536878E-5	8,02193462732248E-5	1,11341862066183E-4	1,50045016198419E-4	1,97180183022283E-4
13,1940002441406	2,03477384275175E-6	4,31562875746749E-6	8,22919719212223E-6	1,45005869853776E-5	2,3936438083183E-5	3,74550654669292E-5	5,59341642656364E-5	8,02877402747981E-5	1,11455388832837E-4	1,50224965182133E-4	1,97454588487744E-4
13,253999710083		2,03544209398387E-6	4,31673242928809E-6	8,2311316873529E-6	1,45052263178513E-5	2,39460823650006E-5	3,74748087779153E-5	5,59727523068432E-5	8,03557923063636E-5	1,11569846922066E-4	1,50406252942048E-4	1,97722838493064E-4
13,3135004043579	2,03599051928904E-6	4,31750322604785E-6	8,23320533527294E-6	1,45093727041967E-5	2,39555174630368E-5	3,74939118046314E-5	5,60088992642704E-5	8,04219089332037E-5	1,11679517431185E-4	1,5057968266774E-4	1,97984918486327E-4
13,3730001449585	2,03647664420714E-6	4,31811668022419E-6	8,2352371464367E-6	1,45139529195149E-5	2,39653963944875E-5	3,75126946892124E-5	5,60460575798061E-5	8,04878145572729E-5	1,11788845970295E-4	1,50756764924154E-4	1,98249312234111E-4
13,4329996109009	2,03719787350565E-6	4,31903754360974E-6	8,23695336293895E-6	1,45180629260722E-5	2,39747751038522E-5	3,7531881389441E-5	5,60809057787992E-5	8,0551668361295E-5	1,11897119495552E-4	1,50927429785952E-4	1,98506473680027E-4
13,4925003051758	2,0375223357405E-6	4,32004071626579E-6	8,23892059997888E-6	1,45219819387421E-5	2,39843102463055E-5	3,75508570868988E-5	5,61160450160969E-5	8,06155512691475E-5	1,12004432594404E-4	1,51095518958755E-4	1,98762441868894E-4
13,5524997711182	2,03805802811985E-6	4,32092656410532E-6	8,24075050331885E-6	1,4525675396726E-5	2,39932396652875E-5	3,7567788240267E-5	5,61512679269072E-5	8,06768803158775E-5	1,12111069029197E-4	1,51263651787303E-4	1,99016372789629E-4
13,6120004653931	2,03845434043615E-6	4,32162823926774E-6	8,24249218567275E-6	1,45299909490859E-5	2,40023236983689E-5	3,75856543541886E-5	5,61846427444834E-5	8,07379983598366E-5	1,12213507236447E-4	1,51428015669808E-4	1,99267029529437E-4
13,6715002059937	2,0389834389789E-6	4,32249316872912E-6	8,24458220449742E-6	1,4533662579197E-5	2,40103818214266E-5	3,76036077796016E-5	5,62172608624678E-5	8,07984033599496E-5	1,12313675344922E-4	1,51590080349706E-4	1,99513844563626E-4
13,731499671936		2,03946910914965E-6	4,3232989810349E-6	8,24645394459367E-6	1,45374769999762E-5	2,40188328461954E-5	3,76214084099047E-5	5,62507193535566E-5	8,0857913417276E-5	1,12412628368475E-4	1,51754982653074E-4	1,99758695089258E-4
13,7910003662109	2,03999911718711E-6	4,32418664786383E-6	8,24793823994696E-6	1,45416152008693E-5	2,40272311202716E-5	3,76382486138027E-5	5,62843888474163E-5	8,09179473435506E-5	1,12513080239296E-4	1,51913161971606E-4	1,99998787138611E-4
13,8509998321533	2,04040111384529E-6	4,32492333857226E-6	8,24948256195057E-6	1,45450812851777E-5	2,40351291722618E-5	3,76546813640743E-5	5,63167523068842E-5	8,09750708867796E-5	1,12611356598791E-4	1,52070613694377E-4	2,00239970581606E-4
13,9104995727539	2,04088019017945E-6	4,32554907092708E-6	8,25148799776798E-6	1,45487274494371E-5	2,40420649788575E-5	3,76702773792204E-5	5,63471876375843E-5	8,10316414572299E-5	1,12708788947202E-4	1,52223452460021E-4	2,00473383301869E-4
13,9700002670288	2,04129787562124E-6	4,32629713031929E-6	8,25285587779945E-6	1,45521898957668E-5	2,4050428692135E-5	3,7686182622565E-5	5,63782050448935E-5	8,108629117487E-5	1,12801637442317E-4	1,52374181197956E-4	2,00704234885052E-4
14,0299997329712	2,04188972929842E-6	4,32715205533896E-6	8,25463393994141E-6	1,45557687574183E-5	2,40587596636033E-5	3,77019714505877E-5	5,64091424166691E-5	8,11423597042449E-5	1,12896261271089E-4	1,52526510646567E-4	2,00934649910778E-4
14,0895004272461	2,04228808797779E-6	4,32792830906692E-6	8,25611914478941E-6	1,45592930493876E-5	2,40658246184466E-5	3,77175019821152E-5	5,6437431339873E-5	8,11964200693183E-5	1,12988440378103E-4	1,52676104335114E-4	2,01163202291355E-4
14,1494998931885	2,04266621040006E-6	4,3285599531373E-6	8,25784354674397E-6	1,45627336678444E-5	2,40730332734529E-5	3,77322794520296E-5	5,64672336622607E-5	8,12488797237165E-5	1,13079651782755E-4	1,52822423842736E-4	2,01393326278776E-4
14,2089996337891	2,04330081032822E-6	4,32905653724447E-6	8,25949700811179E-6	1,45658796100179E-5	2,40801291511161E-5	3,77469659724738E-5	5,64961519557983E-5	8,13009100966156E-5	1,13168971438427E-4	1,52966182213277E-4	2,01613831450231E-4
14,268500328064		2,04376010515261E-6	4,32998649557703E-6	8,26116138341604E-6	1,45689291457529E-5	2,40872795984615E-5	3,77613760065287E-5	5,65257032576483E-5	8,13532460597344E-5	1,13258334749844E-4	1,53108630911447E-4	2,01832081074826E-4
14,3284997940063	2,04426737582253E-6	4,33074455941096E-6	8,26223003969062E-6	1,45723524838104E-5	2,40949702856597E-5	3,77759533876088E-5	5,65532754990272E-5	8,14043960417621E-5	1,13346315629315E-4	1,53251123265363E-4	2,02050519874319E-4
14,3879995346069	2,04470484277408E-6	4,33130935562076E-6	8,2637070590863E-6	1,45752628668561E-5	2,41018351516686E-5	3,77897777070757E-5	5,65800910408143E-5	8,14532468211837E-5	1,1343059304636E-4	1,5339016681537E-4	2,02261755475774E-4
14,4479999542236	2,04515208679368E-6	4,33171226177365E-6	8,26512041385286E-6	1,4578568880097E-5	2,41083689616062E-5	3,78040422219783E-5	5,66077069379389E-5	8,15030944067985E-5	1,13516420242377E-4	1,53526998474263E-4	2,02477545826696E-4
14,5074996948242	2,04548973670171E-6	4,33227432949934E-6	8,26635641715257E-6	1,45815765790758E-5	2,4114755433402E-5	3,78178992832545E-5	5,66340640943963E-5	8,15533203422092E-5	1,13600486656651E-4	1,53664863319136E-4	2,02689814614132E-4
14,5670003890991	2,04599177777709E-6	4,3332784116501E-6	8,26753785077017E-6	1,45845997394645E-5	2,41211582761025E-5	3,78303302568384E-5	5,66599155717995E-5	8,16006504464895E-5	1,13682537630666E-4	1,53797183884308E-4	2,02894603717141E-4
14,6269998550415	2,04642674361821E-6	4,33383820563904E-6	8,26890118332813E-6	1,45875019370578E-5	2,41279467445565E-5	3,78436379833147E-5	5,66857197554782E-5	8,16495739854872E-5	1,13763533590827E-4	1,53928151121363E-4	2,03098286874592E-4
14,6864995956421	2,04703269446327E-6	4,33451805292862E-6	8,27007352199871E-6	1,45902486110572E-5	2,41345496760914E-5	3,78565637220163E-5	5,67107344977558E-5	8,16932079032995E-5	1,13845162559301E-4	1,54058885527775E-4	2,03298957785591E-4
14,7465000152588	2,04748403120902E-6	4,33520835940726E-6	8,27152507554274E-6	1,45929070640705E-5	2,41402449319139E-5	3,78695913241245E-5	5,6735869293334E-5	8,17402033135295E-5	1,13923852040898E-4	1,54189605382271E-4	2,03500603674911E-4
14,8059997558594	2,04774551093578E-6	4,33583272752003E-6	8,27257281343918E-6	1,45961921589333E-5	2,41467041632859E-5	3,7881633033976E-5	5,67597853660118E-5	8,17824475234374E-5	1,14002286863979E-4	1,54317007400095E-4	2,03698204131797E-4
14,8655004501343	2,04820912586001E-6	4,33640661867685E-6	8,27376697998261E-6	1,45984249684261E-5	2,41521556745283E-5	3,78939766960684E-5	5,67834504181519E-5	8,18283879198134E-5	1,14078196929768E-4	1,54441382619552E-4	2,0389178826008E-4
14,9254999160767	2,04858565666655E-6	4,3370773710194E-6	8,27495750854723E-6	1,46013189805672E-5	2,41585785261123E-5	3,79063385480549E-5	5,68077448406257E-5	8,18726475699805E-5	1,14152004243806E-4	1,54565641423687E-4	2,040861727437E-4
14,9849996566772	2,0491138457146E-6	4,33773357144673E-6	8,27660187496804E-6	1,4604173884436E-5	2,41630405071191E-5	3,79176926799119E-5	5,68294781260192E-5	8,19155611679889E-5	1,1422683019191E-4	1,54687659232877E-4	2,04276075237431E-4
15,0450000762939	2,0493712327152E-6	4,33812192568439E-6	8,27760322863469E-6	1,46064376167487E-5	2,41695724980673E-5	3,79293887817767E-5	5,68536452192348E-5	8,19591950858012E-5	1,14300972199999E-4	1,54808250954375E-4	2,04465381102636E-4
15,1044998168945	2,04975890483183E-6	4,33881496064714E-6	8,27879739517812E-6	1,46091961141792E-5	2,41746201936621E-5	3,79408083972521E-5	5,68752911931369E-5	8,19993365439586E-5	1,14374197437428E-4	1,54929599375464E-4	2,04654628760181E-4
15,1639995574951	2,0500619939412E-6	4,33941613664501E-6	8,28009706310695E-6	1,46116281030118E-5	2,41800407820847E-5	3,7951504054945E-5	5,68982432014309E-5	8,20416244096123E-5	1,14446032966953E-4	1,5504531620536E-4	2,0483612024691E-4
15,2239999771118	2,05056676350068E-6	4,33987634096411E-6	8,28090924187563E-6	1,46144793689018E-5	2,41857705987059E-5	3,79633856937289E-5	5,69196417927742E-5	8,20817658677697E-5	1,14517322799657E-4	1,55163812451065E-4	2,05019561690278E-4
15,2834997177124	2,05082505999599E-6	4,34072353527881E-6	8,28215434012236E-6	1,46167885759496E-5	2,41913203353761E-5	3,79738521587569E-5	5,69405310670845E-5	8,2121703599114E-5	1,14586633571889E-4	1,55278437887318E-4	2,05199306947179E-4
15,3435001373291	2,05124024432735E-6	4,34124967796379E-6	8,28307929623406E-6	1,46191096064285E-5	2,4196620870498E-5	3,79849989258219E-5	5,6962304370245E-5	8,21614594315179E-5	1,14654227218125E-4	1,55390211148188E-4	2,05375035875477E-4
15,4029998779297	2,05165815714281E-6	4,34177400165936E-6	8,2841261246358E-6	1,46211705214228E-5	2,42009737121407E-5	3,79951452487148E-5	5,69834046473261E-5	8,21982393972576E-5	1,1472160986159E-4	1,55501809786074E-4	2,05549760721624E-4
15,4624996185303	2,05216269932862E-6	4,34218281952781E-6	8,28548127174145E-6	1,46234542626189E-5	2,42060341406614E-5	3,80048659280874E-5	5,70037882425822E-5	8,22357324068435E-5	1,14787428174168E-4	1,55611429363489E-4	2,05725926207379E-4
15,522500038147		2,05246669793269E-6	4,34278672400978E-6	8,28673455544049E-6	1,46256870721118E-5	2,42109799728496E-5	3,80155579478014E-5	5,70253541809507E-5	8,2272759755142E-5	1,14856113214046E-4	1,55723493662663E-4	2,0589932682924E-4
15,5819997787476	2,05282799470297E-6	4,34325556852855E-6	8,28791507956339E-6	1,46280808621668E-5	2,42155983869452E-5	3,80257442884613E-5	5,70429219806101E-5	8,23107620817609E-5	1,14918992039748E-4	1,55832560267299E-4	2,06064622034319E-4
15,6420001983643	2,05323522095568E-6	4,3439486034913E-6	8,2887399912579E-6	1,46303018482286E-5	2,42200821958249E-5	3,80355886591133E-5	5,70628035347909E-5	8,23480877443217E-5	1,14983216917608E-4	1,55939385876991E-4	2,06233773496933E-4
15,7014999389648	2,05351534532383E-6	4,34442017649417E-6	8,28987595014041E-6	1,46324800880393E-5	2,42250353039708E-5	3,80451856472064E-5	5,70819756831042E-5	8,23819282231852E-5	1,15045346319675E-4	1,56042820890434E-4	2,06400902243331E-4
15,7609996795654	2,05388619178848E-6	4,34478715760633E-6	8,29083455755608E-6	1,46349493661546E-5	2,42292080656625E-5	3,8054717151681E-5	5,71003402001224E-5	8,24179951450787E-5	1,15108312456869E-4	1,56145208165981E-4	2,06564742256887E-4
15,8210000991821	2,05428023036802E-6	4,34524690717808E-6	8,29176406114129E-6	1,46373258758103E-5	2,42337973759277E-5	3,80635683541186E-5	5,71203927393071E-5	8,24538074084558E-5	1,15168462798465E-4	1,5624835214112E-4	2,06730037461966E-4
15,8804998397827	2,05463993552257E-6	4,34555249739788E-6	8,29263535706559E-6	1,46388356370153E-5	2,423848673061E-5	3,80727979063522E-5	5,71374584978912E-5	8,24878952698782E-5	1,15228824142832E-4	1,56348149175756E-4	2,06889162654988E-4
15,9405002593994	2,05500805350312E-6	4,3460290726216E-6	8,29313103167806E-6	1,46408456203062E-5	2,42426340264501E-5	3,80809760827105E-5	5,71541859244462E-5	8,25205133878626E-5	1,15287417429499E-4	1,56448193592951E-4	2,07052085897885E-4
16			2,05548280973744E-6	4,34659341408405E-6	8,29388045531232E-6	1,46428565130918E-5	2,42468395299511E-5	3,80905912606977E-5	5,71714626858011E-5	8,2552338426467E-5	1,15345930680633E-4	1,56543945195153E-4	2,07207151106559E-4
16,0599994659424	2,05574224310112E-6	4,3468967305671E-6	8,29496093501803E-6	1,46444890560815E-5	2,42508231167449E-5	3,80987876269501E-5	5,71885721001308E-5	8,25852039270103E-5	1,15403468953446E-4	1,56641588546336E-4	2,07362085347995E-4
16,119499206543		2,05592891688866E-6	4,34751746070106E-6	8,29584860184696E-6	1,46463344208314E-5	2,42545538640115E-5	3,81080972147174E-5	5,72041608393192E-5	8,26178220449947E-5	1,15459290100262E-4	1,56736961798742E-4	2,07516510272399E-4
16,1790008544922	2,05630294658476E-6	4,34781350122648E-6	8,29673535918118E-6	1,46480751936906E-5	2,42585738305934E-5	3,81167010345962E-5	5,72201788600069E-5	8,26491304906085E-5	1,15515533252619E-4	1,56830239575356E-4	2,07667209906504E-4
16,2390003204346	2,05679543796577E-6	4,34850471719983E-6	8,29780765343457E-6	1,46502079587663E-5	2,42625355895143E-5	3,81246427423321E-5	5,72353128518444E-5	8,26797768240795E-5	1,15570132038556E-4	1,56921960297041E-4	2,07816177862696E-4
16,2985000610352	2,05702463063062E-6	4,34899857282289E-6	8,29877626529196E-6	1,46517186294659E-5	2,42667974816868E-5	3,81318059226032E-5	5,72518292756286E-5	8,27100448077545E-5	1,15625072794501E-4	1,57013069838285E-4	2,07961522391997E-4
16,3584995269775	2,05736819225422E-6	4,34935054727248E-6	8,29960390547058E-6	1,46537913678912E-5	2,4270057110698E-5	3,81401696358807E-5	5,72694407310337E-5	8,27392505016178E-5	1,15679540613201E-4	1,57100890646689E-4	2,08108438528143E-4
16,4179992675781	2,05771880246175E-6	4,34983576269588E-6	8,30058797873789E-6	1,46552683872869E-5	2,42740934481844E-5	3,81486934202258E-5	5,72832686884794E-5	8,27698604553007E-5	1,15728973469231E-4	1,57190166646615E-4	2,08250028663315E-4
16,4775009155273	2,05802234631847E-6	4,35043466495699E-6	8,30131557449931E-6	1,46568372656475E-5	2,42775877268286E-5	3,81558202207088E-5	5,72986537008546E-5	8,27975600259379E-5	1,15779337647837E-4	1,57276866957545E-4	2,08390687475912E-4
16,5375003814697	2,05832270694373E-6	4,35067659054766E-6	8,30199314805213E-6	1,46591255543171E-5	2,42815713136224E-5	3,81639438273851E-5	5,73131146666128E-5	8,28258489491418E-5	1,15830953291152E-4	1,57364091137424E-4	2,08532685064711E-4
16,5970001220703	2,05862966140558E-6	4,35109450336313E-6	8,30282624519896E-6	1,4660373381048E-5	2,42853657255182E-5	3,81708123313729E-5	5,7329423725605E-5	8,28530828584917E-5	1,15882234240416E-4	1,57450354890898E-4	2,086719032377E-4
16,6569995880127	2,05905325856293E-6	4,35153469879879E-6	8,30369208415505E-6	1,46620523082674E-5	2,42885234911228E-5	3,8177731767064E-5	5,73436736885924E-5	8,28814154374413E-5	1,15931754407939E-4	1,57535425387323E-4	2,08805518923327E-4
16,7164993286133	2,05939181796566E-6	4,35195624959306E-6	8,30437329568667E-6	1,46631082316162E-5	2,42917321884306E-5	3,81842837668955E-5	5,73572906432673E-5	8,29082637210377E-5	1,15979913971387E-4	1,5761810936965E-4	2,08940517040901E-4
16,7759990692139	2,05974924938346E-6	4,35273659604718E-6	8,30527824291494E-6	1,46645170389093E-5	2,42949936364312E-5	3,81905301765073E-5	5,73725883441512E-5	8,2934413512703E-5	1,16027964395471E-4	1,57699614646845E-4	2,09071789868176E-4
16,8360004425049	2,06006438929762E-6	4,35320816905005E-6	8,30604767543264E-6	1,46660349855665E-5	2,42989881371614E-5	3,81985519197769E-5	5,73856195842382E-5	8,29603886813857E-5	1,16075374535285E-4	1,57780785229988E-4	2,09202509722672E-4
16,8955001831055	2,06026288651628E-6	4,35350330008077E-6	8,3069526226609E-6	1,4667835785076E-5	2,43015456362627E-5	3,82047946914099E-5	5,73994511796627E-5	8,29855707706884E-5	1,16121860628482E-4	1,57859336468391E-4	2,0933139603585E-4
16,9554996490479	2,06073241315607E-6	4,35395804743166E-6	8,3078220995958E-6	1,46693037095247E-5	2,43052709265612E-5	3,82114922103938E-5	5,74133191548754E-5	8,3011545939371E-5	1,1616809933912E-4	1,57938993652351E-4	2,09459292818792E-4
17,0149993896484	2,06101708499773E-6	4,35409037891077E-6	8,30790304462425E-6	1,46706024679588E-5	2,43086542468518E-5	3,82180442102253E-5	5,74285404582042E-5	8,30352946650237E-5	1,16213668661658E-4	1,58014940097928E-4	2,09584934054874E-4
17,074499130249		2,06133063329617E-6	4,35450829172623E-6	8,3086470112903E-6	1,46725342347054E-5	2,43109589064261E-5	3,82250764232595E-5	5,74414880247787E-5	8,30602220958099E-5	1,16258772322908E-4	1,58091701450758E-4	2,09709483897313E-4
17,13450050354		2,06163895200007E-6	4,35505171481054E-6	8,30978297017282E-6	1,46735128510045E-5	2,43137346842559E-5	3,82315411115997E-5	5,74543446418829E-5	8,30842618597671E-5	1,16302311653271E-4	1,58165639732033E-4	2,09832520340569E-4
17,1940002441406	2,06202639674302E-6	4,35544961874257E-6	8,31020315672504E-6	1,46752627188107E-5	2,43169870373094E-5	3,82376747438684E-5	5,7466411817586E-5	8,31103243399411E-5	1,16345821879804E-4	1,58239374286495E-4	2,09954552701674E-4
17,253999710083		2,06213189812843E-6	4,35590163760935E-6	8,310901648656E-6	1,46766424222733E-5	2,43205995502649E-5	3,82438411179464E-5	5,74783480260521E-5	8,31335637485608E-5	1,1638764408417E-4	1,58313036081381E-4	2,10075682844035E-4
17,3134994506836	2,06237882593996E-6	4,35644551544101E-6	8,31171291792998E-6	1,46783713717014E-5	2,4323417164851E-5	3,82494763471186E-5	5,74902005610056E-5	8,3155173342675E-5	1,16430222988129E-4	1,58382375957444E-4	2,10192913073115E-4
17,3729991912842	2,06287359105772E-6	4,35669790022075E-6	8,31234410725301E-6	1,4679086234537E-5	2,43262220465112E-5	3,82560756406747E-5	5,75013436900917E-5	8,3179009379819E-5	1,16469818749465E-4	1,58456430654041E-4	2,10310856346041E-4
17,4330005645752	2,06322215490218E-6	4,35704487244948E-6	8,31300803838531E-6	1,46803022289532E-5	2,43288468482206E-5	3,82616599381436E-5	5,75139056309126E-5	8,32017467473634E-5	1,16511771921068E-4	1,58527793246321E-4	2,10429221624509E-4
17,4925003051758	2,06355730369978E-6	4,35758556704968E-6	8,31363558972953E-6	1,46821139423992E-5	2,43320173467509E-5	3,82675789296627E-5	5,75266858504619E-5	8,32228106446564E-5	1,16551527753472E-4	1,5859458653722E-4	2,10543978027999E-4
17,5524997711182	2,06398044610978E-6	4,35784568253439E-6	8,3143377196393E-6	1,46840275192517E-5	2,43349659285741E-5	3,82726211682893E-5	5,75355988985393E-5	8,32434452604502E-5	1,1659133451758E-4	1,58663853653707E-4	2,10656406125054E-4
17,6119995117188	2,06415415959782E-6	4,35820675193099E-6	8,31502347864443E-6	1,4685020687466E-5	2,43379599851323E-5	3,82779144274537E-5	5,75480844418053E-5	8,32649238873273E-5	1,16631606942974E-4	1,58732073032297E-4	2,10769518162124E-4
17,6714992523193	2,06440313377243E-6	4,35836454926175E-6	8,31570923764957E-6	1,46861902976525E-5	2,43403083004523E-5	3,8283753383439E-5	5,75579979340546E-5	8,32850564620458E-5	1,16667928523384E-4	1,58797105541453E-4	2,10879021324217E-4
17,7315006256104	2,06457139029226E-6	4,35880292570801E-6	8,31614579510642E-6	1,46875618156628E-5	2,4342700271518E-5	3,82880862161983E-5	5,7569097407395E-5	8,33052763482556E-5	1,16707517008763E-4	1,58862691023387E-4	2,10986938327551E-4
17,7910003662109	2,06495110433025E-6	4,35918309449335E-6	8,31684883451089E-6	1,46882966873818E-5	2,43452959693968E-5	3,82937178073917E-5	5,75785124965478E-5	8,33265075925738E-5	1,1674476263579E-4	1,58924813149497E-4	2,11093938560225E-4
17,8509998321533	2,06519234779989E-6	4,35956599176279E-6	8,31739544082666E-6	1,46896090882365E-5	2,43476933974307E-5	3,82988582714461E-5	5,75888552702963E-5	8,33475205581635E-5	1,16781491669826E-4	1,58991213538684E-4	2,11200618650764E-4
17,9104995727539	2,06548702408327E-6	4,35970969192567E-6	8,31769011711003E-6	1,46911452247878E-5	2,43497961491812E-5	3,83043770852964E-5	5,75995327380951E-5	8,33684898680076E-5	1,16816845547874E-4	1,59055736730807E-4	2,11303093237802E-4
17,9699993133545	2,0657839741034E-6	4,36037908002618E-6	8,31847592053236E-6	1,46925585795543E-5	2,43524027609965E-5	3,8309477531584E-5	5,76084421481937E-5	8,33875310490839E-5	1,16852992505301E-4	1,59116432769224E-4	2,11407008464448E-4
18,0300006866455	2,06607955988147E-6	4,36081927546184E-6	8,31891793495743E-6	1,46933443829766E-5	2,43552767642541E-5	3,8314625271596E-5	5,76196252950467E-5	8,34059901535511E-5	1,16886920295656E-4	1,5917701239232E-4	2,11508726351894E-4
18,0895004272461	2,06640697797411E-6	4,36115169577533E-6	8,31964098324534E-6	1,46944457810605E-5	2,43567519646604E-5	3,83195692847949E-5	5,76298807573039E-5	8,34258753457107E-5	1,16921008157078E-4	1,59238072228618E-4	2,11610196856782E-4
18,1494998931885	2,06665663426975E-6	4,36141999671236E-6	8,32009118312271E-6	1,4695813661092E-5	2,43587892327923E-5	3,83241240342613E-5	5,76395868847612E-5	8,3443614130374E-5	1,16954630357213E-4	1,59294097102247E-4	2,11709353607148E-4
18,2089996337891	2,06699110094632E-6	4,36191021435661E-6	8,32053683552658E-6	1,46967304317513E-5	2,4360793759115E-5	3,83290098397993E-5	5,76489619561471E-5	8,34613892948255E-5	1,16988972877152E-4	1,5935258124955E-4	2,11807928280905E-4
18,2684993743896	2,06716731554479E-6	4,36219852417707E-6	8,321108907694E-6	1,46976590258419E-5	2,43635495280614E-5	3,83338083338458E-5	5,76578313484788E-5	8,34785387269221E-5	1,17021678306628E-4	1,59411007189192E-4	2,11903752642684E-4
18,3285007476807	2,06749973585829E-6	4,36253503721673E-6	8,32191199151566E-6	1,4698811355629E-5	2,43655304075219E-5	3,83383230655454E-5	5,76674974581692E-5	8,34975799079984E-5	1,17055016744416E-4	1,59468836500309E-4	2,11997190490365E-4
18,3880004882813	2,06765685106802E-6	4,3628779167193E-6	8,3220338638057E-6	1,46997381307301E-5	2,43680424318882E-5	3,83420810976531E-5	5,76764068682678E-5	8,35152313811705E-5	1,17087125545368E-4	1,59524162882008E-4	2,12093320442364E-4
18,4479999542236	2,068044977932E-6	4,36337313658441E-6	8,32246769277845E-6	1,47008104249835E-5	2,43701742874691E-5	3,83456244890112E-5	5,76853635720909E-5	8,3530496340245E-5	1,17117087938823E-4	1,59581570187584E-4	2,12185259442776E-4
18,5074996948242	2,06837717087183E-6	4,36355776400887E-6	8,32349815027555E-6	1,47019627547706E-5	2,43716749537271E-5	3,83501792384777E-5	5,76947786612436E-5	8,35481841932051E-5	1,17147610581014E-4	1,59637944307178E-4	2,12275044759735E-4
18,5669994354248	2,06869935936993E-6	4,36373284173897E-6	8,32388923299732E-6	1,4703379747516E-5	2,4373815904255E-5	3,83555452572182E-5	5,77047394472174E-5	8,35638275020756E-5	1,17177922220435E-4	1,59690098371357E-4	2,12363069294952E-4
18,6270008087158	2,068977437375E-6	4,36398795500281E-6	8,32438581710448E-6	1,47035934787709E-5	2,43759022851009E-5	3,83600672648754E-5	5,77129758312367E-5	8,35796745377593E-5	1,17207964649424E-4	1,59742688992992E-4	2,12451835977845E-4
18,6865005493164	2,06926301871135E-6	4,36448090113117E-6	8,32497426017653E-6	1,47045102494303E-5	2,43782578763785E-5	3,83639307983685E-5	5,77223945583683E-5	8,35957762319595E-5	1,17238276288845E-4	1,59795614308678E-4	2,12542116059922E-4
18,7465000152588	2,0693876194855E-6	4,36465461461921E-6	8,32515524962218E-6	1,47056716741645E-5	2,43800204771105E-5	3,8368692912627E-5	5,77298342250288E-5	8,36122417240404E-5	1,17267692985479E-4	1,59846633323468E-4	2,12627157452516E-4
18,8059997558594	2,06959134629869E-6	4,36505979450885E-6	8,32580280984985E-6	1,47068540172768E-5	2,43828671955271E-5	3,83726110158022E-5	5,77384089410771E-5	8,36286417325027E-5	1,17296243843157E-4	1,59896619152278E-4	2,1270957950037E-4
18,86549949646		2,06990739570756E-6	4,36516802437836E-6	8,32647583592916E-6	1,47082337207394E-5	2,43846134253545E-5	3,83763363061007E-5	5,77451755816583E-5	8,36428880575113E-5	1,17323899758048E-4	1,59946430358104E-4	2,12795115658082E-4
18,925500869751		2,07022594622686E-6	4,36550590166007E-6	8,3268550952198E-6	1,47090750033385E-5	2,43863632931607E-5	3,837947951979E-5	5,77521532250103E-5	8,36583130876534E-5	1,17352181405295E-4	1,59996619913727E-4	2,12876038858667E-4
18,9850006103516	2,07043490263459E-6	4,3657528294716E-6	8,32730438560247E-6	1,47101254697191E-5	2,43880622292636E-5	3,83832848456223E-5	5,77602258999832E-5	8,36729886941612E-5	1,1738009925466E-4	1,60045339725912E-4	2,12963117519394E-4
19,0450000762939	2,0707848307211E-6	4,3661361814884E-6	8,32805744721554E-6	1,47108958117315E-5	2,43889280682197E-5	3,83865844924003E-5	5,77675382373855E-5	8,36869367049076E-5	1,17408002552111E-4	1,600930118002E-4	2,13041654205881E-4
19,1044998168945	2,07107927963079E-6	4,36642403656151E-6	8,32872592582135E-6	1,47118289532955E-5	2,43912545556668E-5	3,83906299248338E-5	5,77758219151292E-5	8,37003462947905E-5	1,17433693958446E-4	1,60142299137078E-4	2,13120423723012E-4
19,1644992828369	2,07143330044346E-6	4,36688287663856E-6	8,3292688941583E-6	1,47125447256258E-5	2,43930880969856E-5	3,83936712751165E-5	5,77829632675275E-5	8,37157349451445E-5	1,17459458124358E-4	1,60187162691727E-4	2,13200401049107E-4
19,2240009307861	2,07169523491757E-6	4,36715208707028E-6	8,32981095300056E-6	1,4713352356921E-5	2,43943541136105E-5	3,83974293072242E-5	5,77899008931126E-5	8,37288462207653E-5	1,17484931251965E-4	1,60230629262514E-4	2,13278603041545E-4
19,2835006713867	2,07190782930411E-6	4,36734489994706E-6	8,32984460430453E-6	1,47141381603433E-5	2,43961239903001E-5	3,84015438612551E-5	5,77972132305149E-5	8,37428015074693E-5	1,17510775453411E-4	1,6027684614528E-4	2,13355306186713E-4
19,3435001373291	2,07214543479495E-6	4,36755408372846E-6	8,33019385027001E-6	1,47156861203257E-5	2,43977174250176E-5	3,84055783797521E-5	5,78055805817712E-5	8,37555780890398E-5	1,17537594633177E-4	1,60320865688846E-4	2,13428516872227E-4
19,4029998779297	2,07244329430978E-6	4,36791106039891E-6	8,33107333164662E-6	1,47159935295349E-5	2,4399030735367E-5	3,84094637411181E-5	5,78113395022228E-5	8,376945334021E-5	1,17560375656467E-4	1,60365671035834E-4	2,13502178667113E-4
19,4629993438721	2,07272205443587E-6	4,36835534856073E-6	8,33140529721277E-6	1,47163973451825E-5	2,44008060690248E-5	3,84133163606748E-5	5,78195722482633E-5	8,37826955830678E-5	1,17584924737457E-4	1,60406358190812E-4	2,13579551200382E-4
19,5224990844727	2,07299967769359E-6	4,36847767559811E-6	8,33192189020338E-6	1,47173977893544E-5	2,44021557591623E-5	3,84151862817816E-5	5,7826007832773E-5	8,37950501590967E-5	1,17608171422035E-4	1,60448820679449E-4	2,13653271202929E-4
19,5820007324219	2,07315201805613E-6	4,36889877164504E-6	8,33232206787216E-6	1,47178525367053E-5	2,44040111283539E-5	3,841802754323E-5	5,78318504267372E-5	8,38077467051335E-5	1,17631832836196E-4	1,60491763381287E-4	2,1372371702455E-4
19,6420001983643	2,07357720682921E-6	4,36935351899592E-6	8,33276772027602E-6	1,47186719914316E-5	2,44059065153124E-5	3,84207014576532E-5	5,78376093471888E-5	8,38209452922456E-5	1,17655115900561E-4	1,60533643793315E-4	2,13792489375919E-4
19,7014999389648	2,07379548555764E-6	4,36930122305057E-6	8,33300782687729E-6	1,4719433238497E-5	2,44074435613584E-5	3,84242339350749E-5	5,78437029616907E-5	8,38319974718615E-5	1,17678071546834E-4	1,60575043992139E-4	2,13863808312453E-4
19,7614994049072	2,07404605134798E-6	4,36976233686437E-6	8,33329340821365E-6	1,47205564644537E-5	2,44090788328322E-5	3,84266386390664E-5	5,78500475967303E-5	8,38454143377021E-5	1,17699426482432E-4	1,60615192726254E-4	2,13933555642143E-4
19,8209991455078	2,07424727705074E-6	4,37022208643612E-6	8,3336763054831E-6	1,4720918443345E-5	2,44104867306305E-5	3,84299091820139E-5	5,78571962250862E-5	8,3856750279665E-5	1,17723422590643E-4	1,60655545187183E-4	2,13997074752115E-4
19,880500793457		2,07442553801229E-6	4,37043127021752E-6	8,33378999232082E-6	1,47218815982342E-5	2,44120819843374E-5	3,84334634873085E-5	5,78624494664837E-5	8,38699561427347E-5	1,17744064482395E-4	1,60694369697012E-4	2,14066720218398E-4
19,9405002593994	2,07479934033472E-6	4,3707527765946E-6	8,33463127491996E-6	1,47224955071579E-5	2,44140865106601E-5	3,8437017792603E-5	5,78680410399102E-5	8,38804699014872E-5	1,17764866445214E-4	1,60731608048081E-4	2,14134095585905E-4
20			2,07498737836431E-6	4,37104927186738E-6	8,335064194398E-6	1,47234341056901E-5	2,44159127760213E-5	3,8440073694801E-5	5,78748476982582E-5	8,38911873870529E-5	1,17786177725066E-4	1,60770199727267E-4	2,14197309105657E-4