0			-9,56629220283389E-12	-1,45908174431497E-9	-1,86637265642275E-8	-1,18840233653827E-7	-4,38803965607804E-7	-1,10977316580829E-6	-2,21969912672648E-6	-4,38826145909843E-6	-6,9085676841496E-6	-9,53760809352389E-6	-1,36876005853992E-5
0,170000001788139	6,2683042090228E-10	4,48677806019759E-9	4,06377154149595E-9	-4,70797516527455E-8	-2,4225835204561E-7	-7,55996381940349E-7	-1,69492727764009E-6	-3,0584978958359E-6	-5,30110446561594E-6	-7,57955376684549E-6	-1,09456304926425E-5
0,340000003576279	1,22675025693297E-9	9,49435197128423E-9	2,23734559767763E-8	7,46975015175622E-9	-1,13882315133651E-7	-4,84691042856866E-7	-1,18877449040156E-6	-2,21926438825903E-6	-3,68049791177327E-6	-5,66927565159858E-6	-8,26082305138698E-6
0,509999990463257	1,78506076586871E-9	1,40793430247754E-8	3,93515122709687E-8	5,84888013577256E-8	9,92825910373085E-9	-2,02848582375736E-7	-7,00350540228101E-7	-1,40605220622092E-6	-2,41615248341986E-6	-3,70488191947516E-6	-5,63608227821533E-6
0,680000007152557	2,32144237166665E-9	1,83080910431954E-8	5,51839818285771E-8	1,06603934568739E-7	1,27538356764489E-7	4,56563533646204E-8	-1,97952445546434E-7	-6,15907367773616E-7	-1,18406467208843E-6	-1,91279923456023E-6	-2,98122859021532E-6
0,850000023841858	2,82639467386048E-9	2,22179199482753E-8	6,99735878129104E-8	1,52307649159411E-7	2,4047650981629E-7	2,83585791294172E-7	2,50360528752935E-7	1,77672703216558E-7	5,42166240791175E-8	-1,28061245163735E-7	-4,90516811169073E-7
1,01999998092651	3,31056360103332E-9	2,58501824390578E-8	8,40965554971262E-8	1,95818216752741E-7	3,49043659753079E-7	5,16216800861002E-7	6,91329091750958E-7	9,21218031635362E-7	1,21691880394792E-6	1,58241664394154E-6	1,95481106857187E-6
1,19000005722046	3,7681382458743E-9	2,92363502296666E-8	9,74351834770459E-8	2,37311752471214E-7	4,53463428584655E-7	7,36061053885351E-7	1,10830194444134E-6	1,62972639827785E-6	2,33667265092663E-6	3,24415441355086E-6	4,36097752753994E-6
1,36000001430511	4,20425028124782E-9	3,23876285790448E-8	1,1005992206492E-7	2,76800847132108E-7	5,50140725863457E-7	9,48992067151266E-7	1,51355516209151E-6	2,32109505304834E-6	3,43263059221499E-6	4,8740712372819E-6	6,69630753691308E-6
1,52999997138977	4,61771287874058E-9	3,5333993508857E-8	1,21975602951352E-7	3,14485134822462E-7	6,45579177671607E-7	1,15542070489028E-6	1,90820082934806E-6	2,99655289381917E-6	4,50652441941202E-6	6,44879492028849E-6	9,00566101336153E-6
1,70000004768372	5,016670190372E-9	3,8085083531314E-8	1,33266894408735E-7	3,50405258586761E-7	7,37479979306954E-7	1,35559469072177E-6	2,29240617954929E-6	3,65706728189252E-6	5,53124391444726E-6	8,01296846475452E-6	1,12769894258236E-5
1,87000000476837	5,39306199698331E-9	4,06545481723697E-8	1,43923529094536E-7	3,84643470852097E-7	8,26000643883162E-7	1,54966096488351E-6	2,66622419076157E-6	4,30179397881147E-6	6,55459052723018E-6	9,54928600549465E-6	1,35123573272722E-5
2,03999996185303	5,75808689617929E-9	4,306610179583E-8	1,54055030066047E-7	4,17375304095913E-7	9,11483482468611E-7	1,73812975390319E-6	3,03113733934879E-6	4,93282141178497E-6	7,55977180233458E-6	1,10607534224982E-5	1,57126378326211E-5
2,21000003814697	6,09392980521761E-9	4,53315820436728E-8	1,63626893368019E-7	4,48612809123006E-7	9,93775756796822E-7	1,92080233318848E-6	3,38602399096999E-6	5,51792254555039E-6	8,54421432450181E-6	1,25451851999969E-5	1,78794234670931E-5
2,38000011444092	6,42379260895609E-9	4,74514081361122E-8	1,72692665501017E-7	4,78465778996906E-7	1,0731996553659E-6	2,09802897188638E-6	3,73207080883731E-6	6,11634868619149E-6	9,50995126913767E-6	1,40051779453643E-5	2,0010729713249E-5
2,54999995231628	6,73422873020968E-9	4,94351155566619E-8	1,8128970680209E-7	5,00888802434929E-7	1,14971908260486E-6	2,26972269956605E-6	4,06906292482745E-6	6,70108329359209E-6	1,04568480310263E-5	1,54397057485767E-5	2,21085738303373E-5
2,72000002861023	7,03571556570637E-9	5,12943429953339E-8	1,89440527265106E-7	5,27869303823536E-7	1,22343010389159E-6	2,43645786213165E-6	4,39744826508104E-6	7,27310225556721E-6	1,13849600893445E-5	1,68494225363247E-5	2,41743564401986E-5
2,89000010490417	7,31438332124412E-9	5,30512629381974E-8	1,97147656422203E-7	5,53719928575447E-7	1,29464660858503E-6	2,59814305536565E-6	4,71740850116475E-6	7,83348241384374E-6	1,22963801914011E-5	1,82371368282475E-5	2,62102239503292E-5
3,05999994277954	7,59283835805036E-9	5,47069376466425E-8	2,04502185852107E-7	5,78484616653441E-7	1,36316180032736E-6	2,75508591585094E-6	4,99965290146065E-6	8,38058622321114E-6	1,31891774799442E-5	1,9599481674959E-5	2,82114506262587E-5
3,23000001907349	7,85386156110235E-9	5,62572139983786E-8	2,11425415841404E-7	6,02219074608001E-7	1,42916155709827E-6	2,90702337224502E-6	5,3004196161055E-6	8,91590570972767E-6	1,40644524435629E-5	2,09392092074268E-5	3,01832369586919E-5
3,40000009536743	8,11030353986553E-9	5,7711755374612E-8	2,18019508224643E-7	6,24916879132797E-7	1,49285563111334E-6	3,05469734485087E-6	5,59382169740275E-6	9,43906434258679E-6	1,49228044392657E-5	2,22548933379585E-5	3,21227526001167E-5
3,5699999332428		8,34596214360772E-9	5,90724731353021E-8	2,2424042356306E-7	6,4659246845622E-7	1,55415796143643E-6	3,19756804856297E-6	5,87962904319284E-6	9,94962010736344E-6	1,57635931827826E-5	2,35462321143132E-5	3,4031159884762E-5
3,74000000953674	8,58022097816047E-9	6,03730896386878E-8	2,30169447945627E-7	6,67404947307659E-7	1,6132568134708E-6	3,33643242811377E-6	6,1586283663928E-6	1,04502751128166E-5	1,65900000865804E-5	2,48194774030708E-5	3,59131227014586E-5
3,91000008583069	8,79687700461318E-9	6,15830657579863E-8	2,35797187997377E-7	6,87247052155726E-7	1,67020652952488E-6	3,47070977113617E-6	6,42970417175093E-6	1,09393886305043E-5	1,73984990397003E-5	2,60694469034206E-5	3,77645556000061E-5
4,07999992370605	9,00543195569981E-9	6,27339602488064E-8	2,41134245015928E-7	7,06293519669998E-7	1,72513421148324E-6	3,6009323594044E-6	6,69471273795352E-6	1,14180747914361E-5	1,8192875359091E-5	2,72985271294601E-5	3,95870083593763E-5
4,25			9,21140053122826E-9	6,38089261428831E-8	2,46158634809035E-7	7,24480685221351E-7	1,77806771262112E-6	3,72765680367593E-6	6,95236576575553E-6	1,18860025395406E-5	1,89710699487478E-5	2,85060486930888E-5	4,13820453104563E-5
4,42000007629395	9,39934263755049E-9	6,4835035118449E-8	2,50946698088228E-7	7,41791211567033E-7	1,82906353529688E-6	3,85009434467065E-6	7,20339221516042E-6	1,23433355838642E-5	1,97345598280663E-5	2,96922353300033E-5	4,31474691140465E-5
4,59000015258789	9,59296730940196E-9	6,57887397892409E-8	2,55481637623234E-7	7,5846730851481E-7	1,87827777153871E-6	3,96904306398937E-6	7,44800991014927E-6	1,27909133880166E-5	2,04824282263871E-5	3,08586058963556E-5	4,4887336116517E-5
4,76000022888184	9,77276481961553E-9	6,66991368802883E-8	2,59824901149841E-7	7,74386023749685E-7	1,9255335246271E-6	4,08400865126168E-6	7,68625341152074E-6	1,32274844872882E-5	2,12161976378411E-5	3,20050239679404E-5	4,65992961835582E-5
4,92999982833862	9,95090854161163E-9	6,75410802841725E-8	2,63898584762501E-7	7,89615228313778E-7	1,97115741684684E-6	4,19549724028911E-6	7,9186720540747E-6	1,36549424496479E-5	2,19358698814176E-5	3,31318515236489E-5	4,82846226077527E-5
5,09999990463257	1,01113215578152E-8	6,83322909367234E-8	2,67785310370527E-7	8,04174817403691E-7	2,01501302399265E-6	4,3037834984716E-6	8,14459963294212E-6	1,40733354783151E-5	2,26407228183234E-5	3,42385756084695E-5	4,99433153891005E-5
5,26999998092651	1,02730943751794E-8	6,90982631113002E-8	2,71480331548446E-7	8,18114017420157E-7	2,05719493351353E-6	4,40864050688106E-6	8,36467370390892E-6	1,44669957080623E-5	2,33324099099264E-5	3,53260948031675E-5	5,13838422193658E-5
5,44000005722046	1,04262971589719E-8	6,98048552294495E-8	2,7495752874529E-7	8,31359102448914E-7	2,09794188776868E-6	4,50986181022017E-6	8,57933173392667E-6	1,48525223266915E-5	2,40101071540266E-5	3,63947110599838E-5	5,29776880284771E-5
5,6100001335144		1,05752171464246E-8	7,04828693187665E-8	2,78299069123022E-7	8,44138980937714E-7	2,1370290141931E-6	4,60840556115727E-6	8,78802802617429E-6	1,52339507621946E-5	2,46744530159049E-5	3,74447226931807E-5	5,45526600035373E-5
5,78000020980835	1,07179438657568E-8	7,11257541752275E-8	2,81419090697455E-7	8,56282042605017E-7	2,17470847019285E-6	4,70347822556505E-6	8,99119913810864E-6	1,56096939463168E-5	2,53260968747782E-5	3,84777413273696E-5	5,61056112928782E-5
5,94999980926514	1,08575743951178E-8	7,17173165298846E-8	2,84390409888147E-7	8,67955350258853E-7	2,21107666220632E-6	4,79557547805598E-6	9,18928799364949E-6	1,59778446686687E-5	2,59645621554228E-5	3,94922717532609E-5	5,76349484617822E-5
6,11999988555908	1,09918181223634E-8	7,22895805438384E-8	2,87231813445032E-7	8,79084609550773E-7	2,24596760745044E-6	4,88491104988498E-6	9,38208722800482E-6	1,63381082529668E-5	2,65905164269498E-5	4,04878301196732E-5	5,91388597968034E-5
6,28999996185303	1,11233902089225E-8	7,28218054746321E-8	2,89933126396136E-7	8,89616103449953E-7	2,27955547416059E-6	4,97106566399452E-6	9,56863368628547E-6	1,66898807947291E-5	2,72018296527676E-5	4,1464274545433E-5	6,06141547905281E-5
6,46000003814697	1,12460547541104E-8	7,33176008793635E-8	2,92453677275262E-7	8,99847066193615E-7	2,31196099775843E-6	5,03439696331043E-6	9,75162492977688E-6	1,70346793311182E-5	2,78027982858475E-5	4,24266763729975E-5	6,20708742644638E-5
6,63000011444092	1,13697797843315E-8	7,37920515803125E-8	2,94849598958535E-7	9,09669893189857E-7	2,34308663493721E-6	5,11377174916561E-6	9,92908280750271E-6	1,73721491592005E-5	2,83922272501513E-5	4,33719324064441E-5	6,35072938166559E-5
6,80000019073486	1,14851914645442E-8	7,42395727115763E-8	2,97148460504104E-7	9,18927412385528E-7	2,37298763750005E-6	5,19085324413027E-6	1,01023188108229E-5	1,77025103766937E-5	2,89694653474726E-5	4,43012831965461E-5	6,49191715638153E-5
6,96999979019165	1,15927978328045E-8	7,46732311540654E-8	2,99314137919282E-7	9,27793450955505E-7	2,40184999711346E-6	5,26624353369698E-6	1,02704061646364E-5	1,80249280674616E-5	2,95353747787885E-5	4,52140957349911E-5	6,63100800011307E-5
7,1399998664856		1,17041807357054E-8	7,50630633206129E-8	3,01381788858635E-7	9,36267269935342E-7	2,42961345975345E-6	5,33905495103681E-6	1,04338569144602E-5	1,83398569788551E-5	3,00894807878649E-5	4,61099843960255E-5	6,7680943175219E-5
7,30999994277954	1,18127205794849E-8	7,54329718688496E-8	3,03335809803684E-7	9,44394400903548E-7	2,45645696850261E-6	5,4093789003673E-6	1,05931494545075E-5	1,86477846000344E-5	3,06337315123528E-5	4,69905426143669E-5	6,90284869051538E-5
7,48000001907349	1,19161285283553E-8	7,57892095748502E-8	3,05227445096534E-7	9,52184393554489E-7	2,4820787984936E-6	5,47751096746651E-6	1,07483565443545E-5	1,89491820492549E-5	3,11664589389693E-5	4,78571128041949E-5	7,03563564456999E-5
7,65000009536743	1,2014489847445E-8	7,61244152158724E-8	3,06970690644448E-7	9,59649923970574E-7	2,5067395199585E-6	5,54385042050853E-6	1,08988760985085E-5	1,92436800716678E-5	3,16878977173474E-5	4,87055804114789E-5	7,16614522389136E-5
7,82000017166138	1,21163283850478E-8	7,64537304576152E-8	3,08659366510256E-7	9,66759216680657E-7	2,53048210652196E-6	5,60773651159252E-6	1,10455885078409E-5	1,95301927305991E-5	3,21994739351794E-5	4,95401545776986E-5	7,29468811186962E-5
7,98999977111816	1,22135856983618E-8	7,67430847758988E-8	3,10258201352553E-7	9,73429223449784E-7	2,55332452070434E-6	5,66967491977266E-6	1,11881881821319E-5	1,98110683413688E-5	3,27015841321554E-5	5,0225240556756E-5	7,42116753826849E-5
8,15999984741211	1,23019798792257E-8	7,70176811215606E-8	3,11732264890452E-7	9,79901074060763E-7	2,57514921031543E-6	5,72971111978404E-6	1,13267415144946E-5	2,00846097868634E-5	3,31929040839896E-5	5,10199970449321E-5	7,54578140913509E-5
8,32999992370605	1,23880408153809E-8	7,72866783904647E-8	3,13142891172902E-7	9,86070517683402E-7	2,59637067756557E-6	5,78753815716482E-6	1,14616341306828E-5	2,0351975763333E-5	3,36727389367297E-5	5,18028246005997E-5	7,66810917411931E-5
8,5			1,2474778543492E-8	7,75358230953316E-8	3,14485475882975E-7	9,91935962701973E-7	2,61674904322717E-6	5,84418694415945E-6	1,15921711767442E-5	2,06136082852026E-5	3,41441264026798E-5	5,25746763742063E-5	7,78859539423138E-5
8,67000007629395	1,25563861530509E-8	7,7773393059033E-8	3,15769199232818E-7	9,97521397039236E-7	2,63622450802359E-6	5,89819774177158E-6	1,17191520985216E-5	2,08686378755374E-5	3,46055894624442E-5	5,33313614141662E-5	7,90680496720597E-5
8,84000015258789	1,26352359686166E-8	7,79854261168111E-8	3,16964076318982E-7	1,00292652405187E-6	2,65491121353989E-6	5,95069377595792E-6	1,18429943540832E-5	2,11172173294472E-5	3,50560585502535E-5	5,40758992428891E-5	8,02374925115146E-5
9,01000022888184	1,27089103685307E-8	7,81907161240269E-8	3,18124847353829E-7	1,00802105862385E-6	2,67290965894063E-6	6,00138855588739E-6	1,19634378279443E-5	2,13602324947715E-5	3,54991352651268E-5	5,48063981113955E-5	8,13835649751127E-5
9,18000030517578	1,27992541010258E-8	7,83968090445342E-8	3,19196914233544E-7	1,01295506738097E-6	2,69018823928491E-6	6,05045943302684E-6	1,20804297694121E-5	2,15976760955527E-5	3,59326804755256E-5	5,55269434698857E-5	8,25112001621164E-5
9,35000038146973	1,28766197704522E-8	7,85774076916823E-8	3,202070217867E-7	1,01765965609957E-6	2,70690316028777E-6	6,09782182436902E-6	1,2194164810353E-5	2,18295826925896E-5	3,63564831786789E-5	5,62336608709302E-5	8,36231920402497E-5
9,52000045776367	1,29492772060757E-8	7,87573313232315E-8	3,21175349426994E-7	1,02213073205348E-6	2,7229655188421E-6	6,14366126683308E-6	1,23040008475073E-5	2,20557412831113E-5	3,67725006071851E-5	5,6926717661554E-5	8,47195187816396E-5
9,6899995803833		1,30162085554275E-8	7,89224614550221E-8	3,22080410342096E-7	1,02633077858627E-6	2,7383550786908E-6	6,18788044448593E-6	1,24115840662853E-5	2,22772414417705E-5	3,71802198060323E-5	5,76058264414314E-5	8,57949926285073E-5
9,85999965667725	1,30906894213467E-8	7,90805003703099E-8	3,22988114476175E-7	1,03045783816924E-6	2,75303477792477E-6	6,23060168436496E-6	1,25155120258569E-5	2,24918439926114E-5	3,75787203665823E-5	5,82754801143892E-5	8,68528586579487E-5
10,0299997329712	1,31537607472865E-8	7,92206407140839E-8	3,23780454891676E-7	1,0342882887926E-6	2,76718583336333E-6	6,27227973382105E-6	1,26168260976556E-5	2,27025720960228E-5	3,79678931494709E-5	5,89299561397638E-5	8,78920691320673E-5
10,1999998092651	1,32215829395932E-8	7,93598431414466E-8	3,24525444739265E-7	1,03790648608992E-6	2,78071001957869E-6	6,31237526249606E-6	1,27149087347789E-5	2,29080087592592E-5	3,83502265322022E-5	5,95751516812015E-5	8,89167422428727E-5
10,3699998855591	1,32866464497283E-8	7,94875987253363E-8	3,25276744206349E-7	1,04143362023024E-6	2,79380265055806E-6	6,35092692391481E-6	1,28108913486358E-5	2,3108028472052E-5	3,8723272155039E-5	6,02066902501974E-5	8,99221995496191E-5
10,539999961853		1,33495063892042E-8	7,9615951165124E-8	3,25901595488176E-7	1,04479727269791E-6	2,80625545201474E-6	6,38856499790563E-6	1,29037780425278E-5	2,33034315897385E-5	3,90895220334642E-5	6,08280970482156E-5	9,09129666979425E-5
10,710000038147		1,34159714448856E-8	7,97308530309238E-8	3,26548445173103E-7	1,0480208629815E-6	2,81845882454945E-6	6,42482746116002E-6	1,29943800857291E-5	2,34931048908038E-5	3,9447422750527E-5	6,14376112935133E-5	9,1888003225904E-5
10,8800001144409	1,34680568919521E-8	7,98371857513303E-8	3,27126798538302E-7	1,05108870229742E-6	2,82984456134727E-6	6,45987392999814E-6	1,3080768439977E-5	2,36789855989628E-5	3,97986477764789E-5	6,2034436268732E-5	9,28476656554267E-5
11,0500001907349	1,3530280007501E-8	7,99340540424964E-8	3,27723313375827E-7	1,05403569250484E-6	2,84083716906025E-6	6,49348521619686E-6	1,31660299302894E-5	2,38596585404594E-5	4,01409124606289E-5	6,26184046268463E-5	9,37883669394068E-5
11,2200002670288	1,35841471404774E-8	8,0042177330597E-8	3,28289644357938E-7	1,05686854112719E-6	2,85155397250492E-6	6,52570406600717E-6	1,32487630253308E-5	2,40364133787807E-5	4,0477385482518E-5	6,31960210739635E-5	9,47154621826485E-5
11,3900003433228	1,36449278542727E-8	8,01614561396491E-8	3,28796204485116E-7	1,05944127426483E-6	2,86186855191772E-6	6,55704343444086E-6	1,33284829644253E-5	2,42084515775787E-5	4,08053710998502E-5	6,37607445241883E-5	9,56267467699945E-5
11,5600004196167	1,36926452398711E-8	8,02558659529495E-8	3,29256835129854E-7	1,06193715510017E-6	2,87168995782849E-6	6,58718363411026E-6	1,34064321173355E-5	2,43766953644808E-5	4,11265245929826E-5	6,43173916614614E-5	9,65210201684386E-5
11,7299995422363	1,37507534248016E-8	8,03564290663417E-8	3,29727981807082E-7	1,06433299151831E-6	2,88103206003143E-6	6,6164188865514E-6	1,34812289616093E-5	2,45398296101484E-5	4,14406349591445E-5	6,48604254820384E-5	9,7403273684904E-5
11,8999996185303	1,38044518038782E-8	8,0458825379992E-8	3,30127647885092E-7	1,0666141179172E-6	2,89013701149088E-6	6,6450193116907E-6	1,3554486031353E-5	2,46996405621758E-5	4,17473675042856E-5	6,53972820146009E-5	9,82706915237941E-5
12,0699996948242	1,38638327484841E-8	8,05520059543596E-8	3,30570600226565E-7	1,06884988326783E-6	2,89895774585602E-6	6,67238191454089E-6	1,3625290193886E-5	2,48548385570757E-5	4,20478099840693E-5	6,59231664030813E-5	9,91229753708467E-5
12,2399997711182	1,39059501691463E-8	8,06359494731623E-8	3,30897250933049E-7	1,07086327716388E-6	2,9070022264932E-6	6,69831888444605E-6	1,36943763209274E-5	2,50071607297286E-5	4,23426899942569E-5	6,6436237830203E-5	9,99621552182361E-5
12,4099998474121	1,39667308829416E-8	8,07407118941228E-8	3,31227937522272E-7	1,07285848116589E-6	2,91493165605061E-6	6,72379246680066E-6	1,37608049044502E-5	2,51548790402012E-5	4,2630319512682E-5	6,69416986056603E-5	1,00786790426355E-4
12,5799999237061	1,40119880143175E-8	8,08263109774998E-8	3,31553081878155E-7	1,07469713839237E-6	2,92240838462021E-6	6,74849616189022E-6	1,38243713081465E-5	2,52990666922415E-5	4,29120264016092E-5	6,7436027165968E-5	1,01596298918594E-4
12,75			1,40539366810799E-8	8,08925619821821E-8	3,31885615878491E-7	1,07645053049055E-6	2,92956724479154E-6	6,77217303746147E-6	1,38865489134332E-5	2,54394726653118E-5	4,31865883001592E-5	6,7920693254564E-5	1,02395249996334E-4
12,9200000762939	1,41055984670402E-8	8,09668705414879E-8	3,32135613234641E-7	1,07816867966903E-6	2,93654011329636E-6	6,79467211739393E-6	1,39478643177426E-5	2,55762570304796E-5	4,34574758401141E-5	6,83964899508283E-5	1,03179510915652E-4
13,0900001525879	1,41529765684822E-8	8,10449591881479E-8	3,32387969592673E-7	1,07975984064979E-6	2,94332744488202E-6	6,81637993693585E-6	1,40070078487042E-5	2,57086339843227E-5	4,37218041042797E-5	6,88637519488111E-5	1,03949379990809E-4
13,2600002288818	1,41976821410594E-8	8,1107351945775E-8	3,32610284203838E-7	1,08132519471837E-6	2,94975097858696E-6	6,8376207309484E-6	1,40641459438484E-5	2,58389100054046E-5	4,39803261542693E-5	6,93246693117544E-5	1,04706021375023E-4
13,4300003051758	1,4236194445516E-8	8,11867479910688E-8	3,32830040861154E-7	1,08275730781315E-6	2,95580616693769E-6	6,85834402247565E-6	1,41200926009333E-5	2,59651878877776E-5	4,4231564970687E-5	6,97747454978526E-5	1,05447623354848E-4
13,6000003814697	1,42833602723158E-8	8,12435416719381E-8	3,3304880275864E-7	1,08417202682176E-6	2,96180769510102E-6	6,87801093590679E-6	1,41736563818995E-5	2,60887736658333E-5	4,44789402536117E-5	7,02149482094683E-5	1,06179766589776E-4
13,7700004577637	1,43276839281725E-8	8,13082721151659E-8	3,33219759340864E-7	1,08543349597312E-6	2,96749976769206E-6	6,89699209033279E-6	1,42257613333641E-5	2,62092216871679E-5	4,47193888248876E-5	7,06499340594746E-5	1,06898747617379E-4
13,9399995803833	1,43688279052867E-8	8,13655347542408E-8	3,33449094114258E-7	1,08660344722011E-6	2,97283372674428E-6	6,91512332195998E-6	1,42755761771696E-5	2,63258480117656E-5	4,49550534540322E-5	7,10719832568429E-5	1,07604464574251E-4
14,1099996566772	1,4409716087016E-8	8,1415073793778E-8	3,33559285081719E-7	1,08765323147964E-6	2,97796918857784E-6	6,93295578457764E-6	1,43246606967296E-5	2,64401351159904E-5	4,51847954536788E-5	7,14872585376725E-5	1,08298532722984E-4
14,2799997329712	1,44508582877734E-8	8,1460157730362E-8	3,33702701027505E-7	1,08873700810364E-6	2,98289864986145E-6	6,95000562700443E-6	1,43719635161688E-5	2,65520520770224E-5	4,54097244073637E-5	7,18942246749066E-5	1,08981119410601E-4
14,4499998092651	1,44900926812852E-8	8,15087730643427E-8	3,33844553779272E-7	1,08983510926919E-6	2,9877037377446E-6	6,96634015184827E-6	1,44182577059837E-5	2,66589886450674E-5	4,56304151157383E-5	7,22954646334983E-5	1,09653039544355E-4
14,6199998855591	1,45359440040238E-8	8,15481726590406E-8	3,34005250124392E-7	1,09078894183767E-6	2,99214025289984E-6	6,98179883329431E-6	1,44622999869171E-5	2,6763642381411E-5	4,5845710701542E-5	7,26848229533061E-5	1,10314671474043E-4
14,789999961853		1,45731409162408E-8	8,15900733641683E-8	3,34070563212663E-7	1,09167797290866E-6	2,99639623335679E-6	6,99682505000965E-6	1,45052526931977E-5	2,68659587163711E-5	4,6055040002102E-5	7,30690080672503E-5	1,10963432234712E-4
14,9549999237061	1,46072860474078E-8	8,16424616800759E-8	3,34129111934089E-7	1,09264453840296E-6	3,00026863442326E-6	7,01079034115537E-6	1,45462317959755E-5	2,69631964329164E-5	4,62555435660761E-5	7,34391942387447E-5	1,11586523416918E-4
15,125			1,46457548311218E-8	8,1689236708371E-8	3,34198716700485E-7	1,09347161014739E-6	3,00440274259017E-6	7,02511806593975E-6	1,45867570608971E-5	2,705860970309E-5	4,64557997474913E-5	7,38058952265419E-5	1,12211084342562E-4
15,2950000762939	1,46874494788563E-8	8,17191079249824E-8	3,3427127732466E-7	1,09419636373786E-6	3,00812621389923E-6	7,03909245203249E-6	1,46257243613945E-5	2,71535536739975E-5	4,66512792627327E-5	7,41678886697628E-5	1,12825560790952E-4
15,4650001525879	1,47179033405109E-8	8,17476504266779E-8	3,34341905272595E-7	1,09498637357319E-6	3,01158593174478E-6	7,05158481650869E-6	1,46633465192281E-5	2,72447268798715E-5	4,68436810479034E-5	7,45230790926144E-5	1,1342806101311E-4
15,6350002288818	1,47540415440517E-8	8,17783956108542E-8	3,34371804910916E-7	1,09565007733181E-6	3,01504087474314E-6	7,06448145137983E-6	1,47000337165082E-5	2,73346740868874E-5	4,70305712951813E-5	7,48687671148218E-5	1,14019538159482E-4
15,8050003051758	1,47978997944165E-8	8,18134324731545E-8	3,34415631186857E-7	1,0962043006657E-6	3,01829959425959E-6	7,07651133780018E-6	1,47354203363648E-5	2,7421487175161E-5	4,72131941933185E-5	7,52100822865032E-5	1,146042268374E-4
15,9750003814697	1,48338656913438E-8	8,18335834651407E-8	3,34427880943622E-7	1,09672578219033E-6	3,0214096113923E-6	7,08787638359354E-6	1,47699502122123E-5	2,75056463578949E-5	4,73919208161533E-5	7,55430373828858E-5	1,15177012048662E-4
16,1450004577637	1,48600367566587E-8	8,1870943802187E-8	3,34465369178361E-7	1,09720565433236E-6	3,02431772070122E-6	7,09904406903661E-6	1,48029384945403E-5	2,75872898782836E-5	4,7564935812261E-5	7,58731330279261E-5	1,15739880129695E-4
16,3150005340576	1,49034278251747E-8	8,19122192297073E-8	3,34447520344838E-7	1,0977335023199E-6	3,02690500575409E-6	7,10978247298044E-6	1,483436608396E-5	2,76668724836782E-5	4,77356552437413E-5	7,6193107815925E-5	1,16289338620845E-4
16,4850006103516	1,49361714107954E-8	8,19350773895167E-8	3,34479551611366E-7	1,09816005533503E-6	3,02950593322748E-6	7,12009114067769E-6	1,48654235090362E-5	2,77448234555777E-5	4,79013215226587E-5	7,65053846407682E-5	1,16830902697984E-4
16,6550006866455	1,49655239312096E-8	8,19498353621384E-8	3,34489385522829E-7	1,09857330699015E-6	3,03184629046882E-6	7,1301519710687E-6	1,48952867675689E-5	2,78208717645612E-5	4,80646849609911E-5	7,68129175412469E-5	1,17364819743671E-4
16,8250007629395	1,50071741700231E-8	8,19534449192361E-8	3,34498110987624E-7	1,09895131572557E-6	3,03441515825398E-6	7,13968665877474E-6	1,49243151099654E-5	2,78938368865056E-5	4,82215182273649E-5	7,71125050960109E-5	1,17888979730196E-4
16,9950008392334	1,50267283061112E-8	8,19788112949027E-8	3,34496434106768E-7	1,09939355752431E-6	3,03685123981268E-6	7,14879251972889E-6	1,49520656123059E-5	2,79659961961443E-5	4,83768744743429E-5	7,74094514781609E-5	1,18400421342812E-4
17,1650009155273	1,50644350327411E-8	8,20127823430994E-8	3,34446838223812E-7	1,0996723176504E-6	3,03853676086874E-6	7,15778014637181E-6	1,49794623212074E-5	2,80351978290128E-5	4,85278978885617E-5	7,76989036239684E-5	1,18903604743537E-4
17,3349990844727	1,5096203398457E-8	8,203657841932E-8	3,3443396318944E-7	1,0999218602592E-6	3,04066770695499E-6	7,16611975803971E-6	1,50056848724489E-5	2,81017637462355E-5	4,86745339003392E-5	7,79815964051522E-5	1,19400123367086E-4
17,5049991607666	1,51242414148101E-8	8,2048202898477E-8	3,34415915403952E-7	1,10024348032312E-6	3,04264244732622E-6	7,17380726200645E-6	1,50306368595921E-5	2,81678658211604E-5	4,88180085085332E-5	7,82567731221206E-5	1,19884527521208E-4
17,6749992370605	1,5151639942701E-8	8,20652559241353E-8	3,34350346520296E-7	1,10046971713018E-6	3,04457057609397E-6	7,18179808245623E-6	1,50551177284797E-5	2,82315377262421E-5	4,89579906570725E-5	7,85258962423541E-5	1,20360542496201E-4
17,8449993133545	1,51860817254601E-8	8,20789978206449E-8	3,34297851622978E-7	1,10073187897797E-6	3,04614241031231E-6	7,18916999176145E-6	1,50790929183131E-5	2,82924593193457E-5	4,90938073198777E-5	7,87919125286862E-5	1,20828139188234E-4
18,0149993896484	1,52154342458743E-8	8,20974861426294E-8	3,34232538534707E-7	1,10095686522982E-6	3,04785930893559E-6	7,19598619980388E-6	1,51014910443337E-5	2,83529825537698E-5	4,92258768645115E-5	7,90523772593588E-5	1,21285360364709E-4
18,1849994659424	1,52469485925621E-8	8,21221348701329E-8	3,34183937411581E-7	1,10106668671506E-6	3,04929858430114E-6	7,20303023626911E-6	1,5123148841667E-5	2,84096331597539E-5	4,93566221848596E-5	7,93062426964752E-5	1,21734592539724E-4
18,3549995422363	1,52767647421115E-8	8,21223480329536E-8	3,34120954903483E-7	1,10133225916798E-6	3,05065100292268E-6	7,20983007340692E-6	1,51442509377375E-5	2,8466243747971E-5	4,94849082315341E-5	7,9556368291378E-5	1,22179510071874E-4
18,5249996185303	1,53031471938903E-8	8,21377810211743E-8	3,34094210074909E-7	1,10139251319197E-6	3,0519840947818E-6	7,21567494110786E-6	1,51643216668162E-5	2,85206824628403E-5	4,96063985337969E-5	7,98009932623245E-5	1,22615252621472E-4
18,6949996948242	1,53361039423316E-8	8,21337522438625E-8	3,34055073381023E-7	1,10151825083449E-6	3,05305093206698E-6	7,22165350452997E-6	1,51836766235647E-5	2,85738296952331E-5	4,97277651447803E-5	8,00402704044245E-5	1,23040998005308E-4
18,8649997711182	1,53665578039863E-8	8,21570793618776E-8	3,33954631059896E-7	1,10160681288107E-6	3,05429125546652E-6	7,22774257155834E-6	1,52034281200031E-5	2,86253707599826E-5	4,98466106364504E-5	8,02729264250956E-5	1,23459059977904E-4
19,0349998474121	1,53940007407982E-8	8,21639929426965E-8	3,33907365757113E-7	1,10163352928794E-6	3,05538696920848E-6	7,2329557951889E-6	1,52217908180319E-5	2,86758986476343E-5	4,99597554153297E-5	8,05005183792673E-5	1,23870311654173E-4
19,2049999237061	1,54149120135116E-8	8,21657337723991E-8	3,33846088551581E-7	1,10168195988081E-6	3,05632283925661E-6	7,23817311154562E-6	1,52391439769417E-5	2,87237562588416E-5	4,99865891470108E-5	8,07231699582189E-5	1,24270911328495E-4
19,375			1,54474015801043E-8	8,21733721068085E-8	3,33772135263644E-7	1,10160090116551E-6	3,0572275591112E-6	7,24304163668421E-6	1,52562442963244E-5	2,87716120510595E-5	5,00887508678716E-5	8,09448392828926E-5	1,24664933537133E-4
19,5450000762939	1,5468099689997E-8	8,21826517949376E-8	3,33659329498914E-7	1,10163057343016E-6	3,05821299662057E-6	7,24786832506652E-6	1,52724860527087E-5	2,88176925096195E-5	5,01905742567033E-5	8,11585778137669E-5	1,25051927170716E-4
19,7150001525879	1,54976635968751E-8	8,21901195990904E-8	3,33564145194032E-7	1,10168161882029E-6	3,05917524201504E-6	7,2525767791376E-6	1,52882857946679E-5	2,88630217255559E-5	5,02901675645262E-5	8,13664664747193E-5	1,25429636682384E-4
19,8850002288818	1,55263357726199E-8	8,22028454194879E-8	3,33510399741499E-7	1,10164296529547E-6	3,05996240967943E-6	7,25716336091864E-6	1,5303918189602E-5	2,89057970803697E-5	5,03867013321724E-5	8,15742314443924E-5	1,25798702356406E-4
20,0550003051758	1,55550949898497E-8	8,21944894369153E-8	3,33405438368573E-7	1,10153257537604E-6	3,06048059428576E-6	7,26097096048761E-6	1,53178407344967E-5	2,89474919554777E-5	5,04829768033233E-5	8,17754844320007E-5	1,26165978144854E-4
20,2250003814697	1,55831294534892E-8	8,21892314206707E-8	3,33321793277719E-7	1,10151609078457E-6	3,06123615700926E-6	7,26483358448604E-6	1,53316977957729E-5	2,89878062176285E-5	5,05771131429356E-5	8,19725828478113E-5	1,2652478471864E-4
20,3950004577637	1,56063730827327E-8	8,2183376548528E-8	3,33197846202893E-7	1,10145367671066E-6	3,06159768115322E-6	7,26818279872532E-6	1,53452801896492E-5	2,90263124043122E-5	5,06696051161271E-5	8,21626526885666E-5	1,26877275761217E-4
20,5650005340576	1,56344945878573E-8	8,21929262428966E-8	3,33094902771336E-7	1,10133737507567E-6	3,06193919641373E-6	7,27165479474934E-6	1,5358711607405E-5	2,9064382033539E-5	5,07569311594125E-5	8,23512964416295E-5	1,27223858726211E-4
20,7350006103516	1,56564663456038E-8	8,21901195990904E-8	3,33011399789029E-7	1,10113705886761E-6	3,06232504954096E-6	7,27504993847106E-6	1,53711443999782E-5	2,91022570308996E-5	5,08448429172859E-5	8,25341921881773E-5	1,27563194837421E-4
20,9050006866455	1,56756794211788E-8	8,21883361368236E-8	3,32890039089762E-7	1,10107350792532E-6	3,0626533771283E-6	7,27820588508621E-6	1,53836008394137E-5	2,91379856207641E-5	5,09301135025453E-5	8,27158146421425E-5	1,27897161291912E-4
21,0750007629395	1,57033763770187E-8	8,22043304538056E-8	3,32791387336329E-7	1,10094026695151E-6	3,06295692098502E-6	7,28158511265065E-6	1,53953897097381E-5	2,91720189125044E-5	5,10125173605047E-5	8,28898337204009E-5	1,28223560750484E-4
21,2450008392334	1,57357398222757E-8	8,21963581643104E-8	3,32680485826131E-7	1,10079042769939E-6	3,06304718833417E-6	7,28410077499575E-6	1,54059689521091E-5	2,92054173769429E-5	5,10933350597043E-5	8,30579665489495E-5	1,28546860651113E-4
21,4150009155273	1,5763012228831E-8	8,22000885136731E-8	3,32554776605321E-7	1,10065889202815E-6	3,06341985378822E-6	7,28647864889354E-6	1,54169429151807E-5	2,92376953439089E-5	5,11715807078872E-5	8,32302321214229E-5	1,28859304822981E-4
21,5849990844727	1,57844315396005E-8	8,21970758124735E-8	3,32484773934993E-7	1,10048233636917E-6	3,06362949231698E-6	7,28904524294194E-6	1,54266363097122E-5	2,9269762308104E-5	5,1248527597636E-5	8,33929880172946E-5	1,29165782709606E-4
21,7549991607666	1,58048347742579E-8	8,21835470787846E-8	3,3237566299249E-7	1,10035421130306E-6	3,06374226966E-6	7,29118710296461E-6	1,54365297930781E-5	2,93004140985431E-5	5,13222767040133E-5	8,35546525195241E-5	1,29467764054425E-4
21,9249992370605	1,58305368813672E-8	8,21895298486197E-8	3,32198624164448E-7	1,10025746380416E-6	3,0638866519439E-6	7,29358953321935E-6	1,54466652020346E-5	2,93306238745572E-5	5,13964514539111E-5	8,37107727420516E-5	1,29760795971379E-4
22,0949993133545	1,58563686625257E-8	8,21905103975951E-8	3,32096931288106E-7	1,10001269604254E-6	3,06374113279162E-6	7,29560906620463E-6	1,54551107698353E-5	2,93601533485344E-5	5,14667153765913E-5	8,38604610180482E-5	1,30047861603089E-4
22,2649993896484	1,58845310238576E-8	8,21950010276851E-8	3,3199196991518E-7	1,09977497686486E-6	3,06375386571744E-6	7,29727116777212E-6	1,54640692926478E-5	2,93887333100429E-5	5,15353822265752E-5	8,40133070596494E-5	1,30330605315976E-4
22,4349994659424	1,59047210956942E-8	8,21982197862781E-8	3,31879476789254E-7	1,09954157778702E-6	3,06361516777542E-6	7,29948442312889E-6	1,54720164573519E-5	2,94152378046419E-5	5,16024119860958E-5	8,41559740365483E-5	1,306077465415E-4
22,6049995422363	1,59310200587015E-8	8,21789214455748E-8	3,31759878235971E-7	1,09927520952624E-6	3,06398032989819E-6	7,30101601220667E-6	1,54801509779645E-5	2,94410838250769E-5	5,16678810527083E-5	8,42995286802761E-5	1,30880609503947E-4
22,7749996185303	1,59554076617496E-8	8,2184826055709E-8	3,31638602801831E-7	1,09910672563274E-6	3,06356241708272E-6	7,30234569346067E-6	1,54871195263695E-5	2,94658184429863E-5	5,17319713253528E-5	8,44407695694827E-5	1,31147331558168E-4
22,9449996948242	1,59769975027757E-8	8,21876611212247E-8	3,31495130012627E-7	1,09885513666086E-6	3,0633718779427E-6	7,30395731807221E-6	1,54945919348393E-5	2,94910623779288E-5	5,1793409511447E-5	8,45770555315539E-5	1,31411085021682E-4
23,1149997711182	1,59962958434789E-8	8,21928765049051E-8	3,31433312794616E-7	1,09862969566166E-6	3,06340280076256E-6	7,3052110565186E-6	1,55013785843039E-5	2,95141326205339E-5	5,18546403327491E-5	8,47107294248417E-5	1,31664317450486E-4
23,2849998474121	1,60220832157165E-8	8,21609802414969E-8	3,31310417323039E-7	1,09843927020847E-6	3,06333163280215E-6	7,30619149180711E-6	1,55084617290413E-5	2,95364170597168E-5	5,19127133884467E-5	8,48420531838201E-5	1,3192075130064E-4
23,4549999237061	1,60426125717095E-8	8,21695920194543E-8	3,31119338170538E-7	1,09812947357568E-6	3,06287302009878E-6	7,30724332242971E-6	1,55142261064611E-5	2,95592053589644E-5	5,19678105774801E-5	8,49673378979787E-5	1,32167260744609E-4
23,625			1,60700128759572E-8	8,21731163114237E-8	3,31020373778301E-7	1,09793131741753E-6	3,06255810755829E-6	7,3085693657049E-6	1,55204015754862E-5	2,95796489808708E-5	5,20239955221768E-5	8,50914730108343E-5	1,32407134515233E-4
23,7950000762939	1,60906274970785E-8	8,21591186195292E-8	3,30911774426568E-7	1,09760628674849E-6	3,06225251733849E-6	7,3092128332064E-6	1,55259531311458E-5	2,95994577754755E-5	5,20770299772266E-5	8,52129596751183E-5	1,32643690449186E-4
23,9650001525879	1,61094177997256E-8	8,2156233816022E-8	3,30777254475834E-7	1,09731524844392E-6	3,06186734633229E-6	7,31005047782674E-6	1,55308662215248E-5	2,96199032163713E-5	5,21296424267348E-5	8,53358433232643E-5	1,3287401816342E-4
24,1350002288818	1,61389372976828E-8	8,21583512333746E-8	3,30639181811421E-7	1,09699396944052E-6	3,06174752040533E-6	7,31073623683187E-6	1,55359703057911E-5	2,96395573968766E-5	5,21789806953166E-5	8,54487516335212E-5	1,3310115900822E-4
24,3050003051758	1,6153103743477E-8	8,21525460992234E-8	3,30511340962403E-7	1,09675329440506E-6	3,06126003124518E-6	7,3114174483635E-6	1,55412144522415E-5	2,96576145046856E-5	5,22278096468654E-5	8,55618054629304E-5	1,33323759655468E-4
24,4750003814697	1,61845754576007E-8	8,21378662863026E-8	3,30374007262435E-7	1,09649329260719E-6	3,06084552903485E-6	7,31185991753591E-6	1,55457128130365E-5	2,96747257380048E-5	5,22754635312594E-5	8,56720726005733E-5	1,33540888782591E-4
24,6450004577637	1,62035789230686E-8	8,2139941071091E-8	3,30244745327946E-7	1,09624625110882E-6	3,06053902932035E-6	7,31215004634578E-6	1,55499019456329E-5	2,96927264571423E-5	5,23227427038364E-5	8,5779232904315E-5	1,33752866531722E-4
24,8150005340576	1,62200777253929E-8	8,21197190248313E-8	3,30123384628678E-7	1,09587881524931E-6	3,05981143355893E-6	7,3123896981997E-6	1,55542329594027E-5	2,9708375222981E-5	5,23693488503341E-5	8,58863932080567E-5	1,3395979476627E-4
24,9850006103516	1,62399285130732E-8	8,21173742338033E-8	3,30032122519697E-7	1,09552240701305E-6	3,05946309708816E-6	7,31228419681429E-6	1,55578636622522E-5	2,97236329060979E-5	5,24123825016432E-5	8,59876308823004E-5	1,34166300995275E-4
25,1550006866455	1,62688120752819E-8	8,21245436100071E-8	3,29909596530342E-7	1,09525592506543E-6	3,05890762319905E-6	7,31240652385168E-6	1,55620673467638E-5	2,9738133889623E-5	5,24560018675402E-5	8,60900399857201E-5	1,34366491693072E-4
25,3250007629395	1,62831490513327E-8	8,20996959305376E-8	3,29758137240788E-7	1,09497204903164E-6	3,0583589705202E-6	7,31268437448307E-6	1,5565787180094E-5	2,97539627354126E-5	5,24960487382486E-5	8,61863663885742E-5	1,34563422761858E-4
25,4950008392334	1,63101265826526E-8	8,20980829985274E-8	3,29626686834672E-7	1,09469237941084E-6	3,05772732644982E-6	7,31246154828114E-6	1,55681063915836E-5	2,97684837278211E-5	5,25383220519871E-5	8,62807864905335E-5	1,34756148327142E-4
25,6650009155273	1,63255648999439E-8	8,20803052192787E-8	3,29533804688253E-7	1,09428424366342E-6	3,05719891002809E-6	7,31257932784501E-6	1,55709421960637E-5	2,97818223771174E-5	5,25763171026483E-5	8,63751411088742E-5	1,34944202727638E-4
25,8349990844727	1,63424029864245E-8	8,20828489622727E-8	3,29379730601431E-7	1,09393579350581E-6	3,05671619571513E-6	7,31273894416518E-6	1,55741654452868E-5	2,97954175039195E-5	5,26132134837098E-5	8,64656540215947E-5	1,35128269903362E-4
26,0049991607666	1,63688707033316E-8	8,20820886815454E-8	3,29265930076872E-7	1,09360314581863E-6	3,05609160022868E-6	7,31256614017184E-6	1,55766101670451E-5	2,98079557978781E-5	5,26505718880799E-5	8,65543697727844E-5	1,35308466269635E-4
26,1749992370605	1,63855400359125E-8	8,20724608274759E-8	3,29099435703029E-7	1,09326117581077E-6	3,05540561384987E-6	7,31229738448747E-6	1,55786801769864E-5	2,98191916954238E-5	5,26857875229325E-5	8,66402551764622E-5	1,35482245241292E-4
26,3449993133545	1,6401063618332E-8	8,20534609147217E-8	3,28997344922755E-7	1,09294296635198E-6	3,0547932965419E-6	7,31227191863582E-6	1,55809739226243E-5	2,98297018161975E-5	5,27216325281188E-5	8,67225462570786E-5	1,35655369376764E-4
26,5149993896484	1,64295670401771E-8	8,20415877456071E-8	3,28861517573387E-7	1,0927196854027E-6	3,05422508972697E-6	7,3119813350786E-6	1,5582911146339E-5	2,98419181490317E-5	5,27535739820451E-5	8,68074712343514E-5	1,35826587211341E-4
26,6849994659424	1,6441358496877E-8	8,20392500600065E-8	3,28718357422986E-7	1,09226562017284E-6	3,05380785903253E-6	7,31117779650958E-6	1,55842590174871E-5	2,98522318189498E-5	5,27855518157594E-5	8,68887509568594E-5	1,35996102471836E-4
26,8549995422363	1,64671885016787E-8	8,20311996108103E-8	3,285619811777E-7	1,09196776065801E-6	3,05301318803686E-6	7,31029012968065E-6	1,55855250341119E-5	2,98620270768879E-5	5,2817071264144E-5	8,69659124873579E-5	1,36153816129081E-4
27,0249996185303	1,64830087356904E-8	8,2036279991371E-8	3,28486379430615E-7	1,09166910533531E-6	3,05216531160113E-6	7,31040790924453E-6	1,55876332428306E-5	2,98724226013292E-5	5,28479977219831E-5	8,70427684276365E-5	1,36314731207676E-4
27,1949996948242	1,65023941178788E-8	8,20179124616516E-8	3,28356037471167E-7	1,09130155578896E-6	3,05146977552795E-6	7,30965894035762E-6	1,55886646098224E-5	2,98817594739376E-5	5,28786767972633E-5	8,71164811542258E-5	1,36470174766146E-4
27,3649997711182	1,65249147698887E-8	8,20098620124554E-8	3,2820770456965E-7	1,09090149180702E-6	3,05080425277993E-6	7,30887632016675E-6	1,55902162077837E-5	2,98912873404333E-5	5,29066637682263E-5	8,71898155310191E-5	1,36621165438555E-4
27,5349998474121	1,65400155793805E-8	8,20117236344231E-8	3,28111582348356E-7	1,09060226805013E-6	3,04994864563923E-6	7,30824922356987E-6	1,55908728629583E-5	2,98992981697666E-5	5,29328499396797E-5	8,72604505275376E-5	1,36767877847888E-4
27,7049999237061	1,65621134584626E-8	8,19980741084692E-8	3,27975016034543E-7	1,09028064798622E-6	3,04928653349634E-6	7,30765168555081E-6	1,55921279656468E-5	2,99071198242018E-5	5,29596582055092E-5	8,73306271387264E-5	1,36913353344426E-4
27,875			1,65852718225779E-8	8,19967098664165E-8	3,27843537206718E-7	1,08995607206452E-6	3,04877335111087E-6	7,30666715753614E-6	1,55922116391594E-5	2,99143030133564E-5	5,29869284946471E-5	8,73966055223718E-5	1,37054390506819E-4
28,0450000762939	1,65937130702787E-8	8,19879346636299E-8	3,27733005178743E-7	1,08950041521894E-6	3,04768832393165E-6	7,30581723473733E-6	1,55930829350837E-5	2,99217044812394E-5	5,30116449226625E-5	8,7461834482383E-5	1,37193914270028E-4
28,2150001525879	1,66172107185503E-8	8,19811845076401E-8	3,27589219750735E-7	1,08918413843639E-6	3,04664149552991E-6	7,30500505596865E-6	1,55935194925405E-5	2,99292951240204E-5	5,30346733285114E-5	8,75246987561695E-5	1,37328301207162E-4
28,3850002288818	1,66374842791583E-8	8,19723666722894E-8	3,27471724403949E-7	1,08873564386158E-6	3,04597915601335E-6	7,30421834305162E-6	1,55936377268517E-5	2,99368202831829E-5	5,30592551513109E-5	8,75865516718477E-5	1,37457565870136E-4
28,5550003051758	1,66606444196304E-8	8,19671441831815E-8	3,27356332263662E-7	1,08841618384758E-6	3,04535137729545E-6	7,30345254851272E-6	1,55938105308451E-5	2,99434432236012E-5	5,30821598658804E-5	8,76448393682949E-5	1,375891151838E-4
28,7250003814697	1,66768892029268E-8	8,19419554431988E-8	3,27150587509095E-7	1,0880150966841E-6	3,04454192701087E-6	7,30207648302894E-6	1,55935504153604E-5	2,99486509902636E-5	5,31036748725455E-5	8,77022466738708E-5	1,37715600430965E-4
28,8950004577637	1,66950435698254E-8	8,1933215767549E-8	3,270246224929E-7	1,08765823370049E-6	3,04389891425672E-6	7,30116335034836E-6	1,5593877833453E-5	2,99544735753443E-5	5,31245168531314E-5	8,77602506079711E-5	1,37836876092479E-4
29,0650005340576	1,67137894635516E-8	8,19287606645958E-8	3,26889306734302E-7	1,08727260794694E-6	3,0429657726927E-6	7,30011151972576E-6	1,55935631482862E-5	2,99594357784372E-5	5,31454898009542E-5	8,7817017629277E-5	1,37956609250978E-4
29,2350006103516	1,67313505272659E-8	8,19280785435694E-8	3,26815751350296E-7	1,08696622191928E-6	3,04218042401772E-6	7,29911880625878E-6	1,55926827574149E-5	2,99641178571619E-5	5,31634723301977E-5	8,78693754202686E-5	1,38072791742161E-4
29,4050006866455	1,67505227466336E-8	8,19103149751754E-8	3,26669578498695E-7	1,08656900010828E-6	3,04119430438732E-6	7,29787279851735E-6	1,55919969984097E-5	2,9968481612741E-5	5,31831828993745E-5	8,79213184816763E-5	1,38186558615416E-4
29,5750007629395	1,67649005788917E-8	8,18890626419488E-8	3,26499900893396E-7	1,08615017779812E-6	3,04030618281104E-6	7,29649718778091E-6	1,55907346197637E-5	2,99728162644897E-5	5,32014637428802E-5	8,79738581716083E-5	1,38299146783538E-4
29,7450008392334	1,67834368625108E-8	8,18797332158283E-8	3,2637095159771E-7	1,08584470126516E-6	3,0393907763937E-6	7,2955167524924E-6	1,55903180711903E-5	2,99763160001021E-5	5,32181074959226E-5	8,80215884535573E-5	1,3840853353031E-4
29,9150009155273	1,68067213479617E-8	8,18882526232301E-8	3,26224011359955E-7	1,08540416476899E-6	3,03867204820563E-6	7,29406929167453E-6	1,55900361278327E-5	2,99805160466349E-5	5,32366830157116E-5	8,80697043612599E-5	1,38520190375857E-4
30,0849990844727	1,68193192706667E-8	8,18760383936024E-8	3,2606558875159E-7	1,08500330497918E-6	3,03793262901308E-6	7,29256271370105E-6	1,55890156747773E-5	2,99846651614644E-5	5,32527774339542E-5	8,81172381923534E-5	1,38625415274873E-4
30,2549991607666	1,6838152205878E-8	8,18758252307816E-8	3,25963952718666E-7	1,08458277736645E-6	3,03696629089245E-6	7,29121666154242E-6	1,55877933138981E-5	2,9987990274094E-5	5,32687445229385E-5	8,81608575582504E-5	1,38729679747485E-4
30,4249992370605	1,68593174976195E-8	8,18474532593427E-8	3,25821872593224E-7	1,08426365841297E-6	3,03598494610924E-6	7,2900511440821E-6	1,558699477755E-5	2,99907660519239E-5	5,32849626324605E-5	8,82060776348226E-5	1,38828341732733E-4
30,5949993133545	1,68742477768546E-8	8,18476664221635E-8	3,25687153690524E-7	1,08387871478044E-6	3,03519209410297E-6	7,2882289714471E-6	1,55856523633702E-5	2,99940020340728E-5	5,3299758292269E-5	8,82509993971325E-5	1,38925504870713E-4
30,7649993896484	1,68954965573676E-8	8,18236500776948E-8	3,25563689784758E-7	1,08350195660023E-6	3,03422893921379E-6	7,28691611584509E-6	1,55845955305267E-5	2,99957264360273E-5	5,3312996897148E-5	8,82931490195915E-5	1,39021081849933E-4
30,9349994659424	1,69063554267268E-8	8,1818825492519E-8	3,25442726989422E-7	1,08310609903128E-6	3,03332922158006E-6	7,28560326024308E-6	1,55834604811389E-5	2,99993553198874E-5	5,33250968146604E-5	8,83331085788086E-5	1,39114752528258E-4
31,1049995422363	1,69314642306517E-8	8,18084302522948E-8	3,25341005691371E-7	1,08270296550472E-6	3,03213118968415E-6	7,28434497432318E-6	1,55816887854598E-5	3,00001411233097E-5	5,33357742824592E-5	8,83737011463381E-5	1,39208423206583E-4
31,2749996185303	1,69432130547875E-8	8,18081673514826E-8	3,25188011629507E-7	1,08238475604594E-6	3,03134697787755E-6	7,28296072338708E-6	1,5580026229145E-5	3,00005667668302E-5	5,33488419023342E-5	8,84108521859162E-5	1,39296869747341E-4
31,4449996948242	1,69665845817235E-8	8,17843002209884E-8	3,25076001672642E-7	1,08193160031078E-6	3,03043589156005E-6	7,2813577389752E-6	1,55787674884778E-5	3,00033170788083E-5	5,33595157321543E-5	8,84495602804236E-5	1,39381547342055E-4
31,6149997711182	1,69809215577743E-8	8,17761502958092E-8	3,24958961073207E-7	1,08157382783247E-6	3,02963849208027E-6	7,28004488337319E-6	1,5576857549604E-5	3,00040155707393E-5	5,33709462615661E-5	8,84858673089184E-5	1,39467694680206E-4
31,7849998474121	1,69965304053221E-8	8,17728462720879E-8	3,24810457641433E-7	1,08117455965839E-6	3,02865441881295E-6	7,27814722267794E-6	1,55745728989132E-5	3,00050669466145E-5	5,33796446688939E-5	8,85232366272248E-5	1,39549360028468E-4
31,9549999237061	1,70128178211826E-8	8,17618968085299E-8	3,24675312413092E-7	1,08073402316222E-6	3,02770740745473E-6	7,27698170521762E-6	1,55738161993213E-5	3,00066494673956E-5	5,33912425453309E-5	8,85571425897069E-5	1,39629366458394E-4
32,125			1,70353402495493E-8	8,1759097270151E-8	3,24536273410558E-7	1,08038909729657E-6	3,02691614706418E-6	7,2751513471303E-6	1,55719644681085E-5	3,00070714729372E-5	5,33997299498878E-5	8,85876070242375E-5	1,3970879081171E-4
32,2949981689453	1,70502687524277E-8	8,17519278939471E-8	3,24427105624636E-7	1,07999665033276E-6	3,02600892609917E-6	7,27327869753935E-6	1,55702309712069E-5	3,00088431686163E-5	5,34096070623491E-5	8,86181587702595E-5	1,39785537612624E-4
32,4650001525879	1,70673200017291E-8	8,17426837329549E-8	3,24283661257141E-7	1,07961977846571E-6	3,02496960102872E-6	7,27181895854301E-6	1,55676480062539E-5	3,00090396194719E-5	5,34173850610387E-5	8,8651868281886E-5	1,39863783260807E-4
32,6349983215332	1,7086831505253E-8	8,17282668208463E-8	3,24134134643828E-7	1,07929054138367E-6	3,02410830954614E-6	7,26992902855272E-6	1,55654597620014E-5	3,00085066555766E-5	5,34270875505172E-5	8,86807756614871E-5	1,39934665639885E-4
32,8050003051758	1,71065543952409E-8	8,1715882060962E-8	3,24021613096193E-7	1,07888911315968E-6	3,02319131151307E-6	7,26842699805275E-6	1,55635862029158E-5	3,00093470286811E-5	5,3434614528669E-5	8,87091518961824E-5	1,40006115543656E-4
32,9749984741211	1,71151643968415E-8	8,17159673260903E-8	3,23878282415535E-7	1,07849700725637E-6	3,02214493785868E-6	7,26684083929285E-6	1,55616417032434E-5	3,00089595839381E-5	5,34426799276844E-5	8,87384812813252E-5	1,40075659146532E-4
33,1450004577637	1,71291620887359E-8	8,1693904974145E-8	3,23764680842942E-7	1,07813082195207E-6	3,02121247841569E-6	7,26549433238688E-6	1,55590460053645E-5	3,00083902402548E-5	5,34490718564484E-5	8,87674759724177E-5	1,40140924486332E-4
33,314998626709		1,71459575426525E-8	8,16962355543183E-8	3,23674356650372E-7	1,07772177670995E-6	3,02024227494258E-6	7,26348753232742E-6	1,55565721797757E-5	3,00075098493835E-5	5,34550781594589E-5	8,87938149389811E-5	1,40206408104859E-4
33,4850006103516	1,71629661593897E-8	8,16948357851288E-8	3,23545322089558E-7	1,07728226339532E-6	3,01923819279182E-6	7,26161488273647E-6	1,55537145474227E-5	3,0007340683369E-5	5,34621394763235E-5	8,88223949004896E-5	1,40273928991519E-4
33,6549987792969	1,71871441523308E-8	8,168542109388E-8	3,23424700354735E-7	1,07688163097919E-6	3,01829322779668E-6	7,26018015484442E-6	1,55514990183292E-5	3,000645301654E-5	5,34697428520303E-5	8,88439972186461E-5	1,40336880576797E-4
33,8250007629395	1,71964309458872E-8	8,16668475067672E-8	3,23276481140056E-7	1,07657695025409E-6	3,01720729112276E-6	7,25845484339516E-6	1,55497091327561E-5	3,00054762192303E-5	5,34743230673485E-5	8,88691283762455E-5	1,40396557981148E-4
33,9949989318848	1,72203549198002E-8	8,16737681930135E-8	3,23161174264897E-7	1,07613652744476E-6	3,01625777865411E-6	7,25667905498995E-6	1,55464658746496E-5	3,0004059226485E-5	5,34804639755748E-5	8,88931681402028E-5	1,40454940265045E-4
34,1650009155273	1,7234139448874E-8	8,16548890725244E-8	3,23005082236705E-7	1,07578296137945E-6	3,01539171232434E-6	7,25475229046424E-6	1,55441721290117E-5	3,00032261293381E-5	5,34840728505515E-5	8,89145594555885E-5	1,405113725923E-4
34,3349990844727	1,72448277879766E-8	8,16455525409765E-8	3,22893356496934E-7	1,07545042737911E-6	3,01448039863317E-6	7,25271547707962E-6	1,55413108586799E-5	3,00005631288514E-5	5,3487816330744E-5	8,89327566255815E-5	1,40566800837405E-4
34,5050010681152	1,72572551804251E-8	8,16418577187505E-8	3,22758097581755E-7	1,07512494196271E-6	3,01343584396818E-6	7,25073778085061E-6	1,55386933329282E-5	2,99991770589259E-5	5,34916362084914E-5	8,89557340997271E-5	1,40623611514457E-4
34,6749992370605	1,72849095037009E-8	8,16309224660472E-8	3,22613175285369E-7	1,07473067600949E-6	3,01255772683362E-6	7,24905021343147E-6	1,55360139615368E-5	2,99981293210294E-5	5,349831917556E-5	8,89754883246496E-5	1,40676653245464E-4
34,8450012207031	1,72978040779981E-8	8,16117946556005E-8	3,22527085927504E-7	1,07433993434825E-6	3,01138902614184E-6	7,24735036783386E-6	1,55333873408381E-5	2,99975708912825E-5	5,34999999217689E-5	8,89955408638343E-5	1,40728006954305E-4
35,0149993896484	1,73099774514185E-8	8,16044973817043E-8	3,2238557423625E-7	1,07392997961142E-6	3,01028376270551E-6	7,24581923350343E-6	1,55307625391288E-5	2,99953608191572E-5	5,35011786269024E-5	8,90147421159782E-5	1,40779899084009E-4
35,185001373291		1,73253322799383E-8	8,15902083672881E-8	3,22258983942447E-7	1,07344874322735E-6	3,00944952869031E-6	7,24405981600285E-6	1,55276902660262E-5	2,99935436487431E-5	5,35051731276326E-5	8,90329756657593E-5	1,40829492011108E-4
35,3549995422363	1,73461156549592E-8	8,15866840753188E-8	3,22117273299227E-7	1,07304902030592E-6	3,00872125080787E-6	7,24177516531199E-6	1,5525241906289E-5	2,99899966194062E-5	5,35081126145087E-5	8,90466762939468E-5	1,40878109959885E-4
35,5250015258789	1,7356294179649E-8	8,15791736386018E-8	3,22019531040496E-7	1,07276855487726E-6	3,00769352179486E-6	7,24022720532957E-6	1,55220222950447E-5	2,99882703984622E-5	5,35116414539516E-5	8,90653755050153E-5	1,40921227284707E-4
35,6949996948242	1,73721588225817E-8	8,15787544183877E-8	3,21900756716786E-7	1,07230096091371E-6	3,00654983220738E-6	7,23864059182233E-6	1,55186480697012E-5	2,99860421364428E-5	5,35121907887515E-5	8,908033487387E-5	1,40969335916452E-4
35,8650016784668	1,73868759389961E-8	8,15711658219698E-8	3,21728151675416E-7	1,07200435195409E-6	3,0055562092457E-6	7,23632183508016E-6	1,55160760186845E-5	2,99826369882794E-5	5,3512860176852E-5	8,90954761416651E-5	1,41012918902561E-4
36,0349998474121	1,74040533096331E-8	8,15665757158968E-8	3,21653459423032E-7	1,07153925910097E-6	3,00464444080717E-6	7,23450011719251E-6	1,55130819621263E-5	2,99803159578005E-5	5,35160943400115E-5	8,91117379069328E-5	1,41052762046456E-4
36,2050018310547	1,74249219497824E-8	8,15435043932666E-8	3,21497026334328E-7	1,07112896330364E-6	3,00354190585495E-6	7,23280845704721E-6	1,55101952259429E-5	2,99766452371841E-5	5,35165600012988E-5	8,91269446583465E-5	1,41095675644465E-4
36,375			1,7437944421772E-8	8,15493166328451E-8	3,21410539072531E-7	1,07069229215995E-6	3,00260057883861E-6	7,23084349374403E-6	1,55062098201597E-5	2,99740750051569E-5	5,35163089807611E-5	8,91394738573581E-5	1,41135926241986E-4
36,5449981689453	1,74486327608747E-8	8,15187775060622E-8	3,21285597237875E-7	1,07039193153469E-6	3,00162423627626E-6	7,22884487913689E-6	1,55030029418413E-5	2,99706844089087E-5	5,35179460712243E-5	8,91549716470763E-5	1,41176613396965E-4
36,7150001525879	1,74680163667063E-8	8,15238223594861E-8	3,21169864037074E-7	1,07000403204438E-6	3,00041415357555E-6	7,2272123361472E-6	1,5500112567679E-5	2,99677758448524E-5	5,35173567186575E-5	8,91654781298712E-5	1,4121450658422E-4
36,8849983215332	1,74897749616321E-8	8,15125815734064E-8	3,21050919183108E-7	1,06950426470576E-6	2,99942507808737E-6	7,22508730177651E-6	1,54967638081871E-5	2,99644507322228E-5	5,35181570739951E-5	8,91774616320618E-5	1,41252210596576E-4
37,0550003051758	1,7498004822869E-8	8,14979941310412E-8	3,20912732831857E-7	1,06919696918339E-6	2,99862063002365E-6	7,22278127796017E-6	1,54935187310912E-5	2,99618586723227E-5	5,35162216692697E-5	8,91908639459871E-5	1,41290074680001E-4
37,2249984741211	1,7514928174478E-8	8,14829803630346E-8	3,20802371334139E-7	1,06878928818333E-6	2,99751218335587E-6	7,22120330465259E-6	1,54900044435635E-5	2,995881732204E-5	5,35164363100193E-5	8,92047683009878E-5	1,41325799631886E-4
37,3950004577637	1,75305778782331E-8	8,14693592587901E-8	3,20677855825124E-7	1,06849211078952E-6	2,99646785606456E-6	7,21897367839119E-6	1,54870012920583E-5	2,99549919873243E-5	5,3516178013524E-5	8,92117896000855E-5	1,41358119435608E-4
37,564998626709		1,75473324759423E-8	8,14764433698656E-8	3,20545467502598E-7	1,06808897726296E-6	2,99571684081457E-6	7,21689048077678E-6	1,54832432599505E-5	2,99524963338627E-5	5,35150065843482E-5	8,92176758497953E-5	1,41390511998907E-4
37,7350006103516	1,75596319706983E-8	8,14650391589566E-8	3,20415722399048E-7	1,06768470686802E-6	2,99439670925494E-6	7,21493779565208E-6	1,54801928147208E-5	2,99479270324809E-5	5,35142062290106E-5	8,92270109034143E-5	1,41422744491138E-4
37,9049987792969	1,75812644442885E-8	8,14583387409584E-8	3,20290183708494E-7	1,06725315163203E-6	2,9933610221633E-6	7,21297328709625E-6	1,54766712512355E-5	2,9944456400699E-5	5,35138278792147E-5	8,92347379704006E-5	1,4145573368296E-4
38,0750007629395	1,75816889935732E-8	8,1439075927392E-8	3,2019059403865E-7	1,06688310097525E-6	2,99251905744313E-6	7,21088190402952E-6	1,54744411702268E-5	2,99389048450394E-5	5,3510088037001E-5	8,92449461389333E-5	1,41481694299728E-4
38,2449989318848	1,75961947235237E-8	8,1425127973489E-8	3,20073780812891E-7	1,06657250853459E-6	2,99158386951603E-6	7,20889147487469E-6	1,54706085595535E-5	2,9935959901195E-5	5,35077379026916E-5	8,92520110937767E-5	1,41508178785443E-4
38,4150009155273	1,76182926026058E-8	8,14213478861348E-8	3,19945911542163E-7	1,06619017969933E-6	2,99068165077188E-6	7,20698562872713E-6	1,5467157936655E-5	2,99323164654197E-5	5,35054641659372E-5	8,92583484528586E-5	1,41536045703106E-4
38,5849990844727	1,76258847517374E-8	8,1407264929112E-8	3,19838363793679E-7	1,06576931102609E-6	2,98959298561385E-6	7,20459547665087E-6	1,54635054059327E-5	2,99301973427646E-5	5,35051294718869E-5	8,92654497874901E-5	1,41561045893468E-4
38,7550010681152	1,76475172253276E-8	8,13889471373841E-8	3,19712825103124E-7	1,06543404854165E-6	2,98849090540898E-6	7,20270600140793E-6	1,54603494593175E-5	2,992496592924E-5	5,3501807997236E-5	8,92736061359756E-5	1,41592565341853E-4
38,9249992370605	1,76593513145917E-8	8,13885634443068E-8	3,1962122193363E-7	1,06507377495291E-6	2,98746863336419E-6	7,20061507308856E-6	1,54572935571196E-5	2,99201401503524E-5	5,35000835952815E-5	8,92776006367058E-5	1,41620810609311E-4
39,0950012207031	1,76751306923961E-8	8,13961520407247E-8	3,19500628620517E-7	1,0646710961737E-6	2,9866278055124E-6	7,1985868999036E-6	1,54536683112383E-5	2,99161074508447E-5	5,34958417119924E-5	8,92826792551205E-5	1,41645752592012E-4
39,2649993896484	1,76843766297452E-8	8,13745657524123E-8	3,19372020385345E-7	1,06431218682701E-6	2,98563304568233E-6	7,19609170118929E-6	1,54498502524802E-5	2,99127677862998E-5	5,34940336365253E-5	8,92903335625306E-5	1,41665426781401E-4
39,435001373291		1,7702021182231E-8	8,13685048228763E-8	3,19260408332411E-7	1,06382242393011E-6	2,98458871839102E-6	7,19428680895362E-6	1,54456138261594E-5	2,99082439596532E-5	5,34906321263406E-5	8,929332398111E-5	1,41686861752532E-4
39,6049995422363	1,77189445338399E-8	8,13513167940982E-8	3,19122790415349E-7	1,06340280581207E-6	2,98366148854257E-6	7,19254421710502E-6	1,5442659787368E-5	2,99033799819881E-5	5,34886967216153E-5	8,92975222086534E-5	1,41710232128389E-4
39,7750015258789	1,77359957831413E-8	8,13519562825604E-8	3,19030760920214E-7	1,0631150644258E-6	2,98255963571137E-6	7,19043237040751E-6	1,54390108946245E-5	2,98988197755534E-5	5,34858809260186E-5	8,93004616955295E-5	1,41730401082896E-4
39,9449996948242	1,77495671493944E-8	8,1350258085422E-8	3,18925884812415E-7	1,0628248219291E-6	2,98173222290643E-6	7,18816863809479E-6	1,54360823216848E-5	2,98946906696074E-5	5,34804203198291E-5	8,93045362317935E-5	1,41748547321185E-4
40,1150016784668	1,776415992083E-8	8,13509331010209E-8	3,18803074605967E-7	1,06243066966272E-6	2,98063787340652E-6	7,18633782526013E-6	1,54321787704248E-5	2,98897375614615E-5	5,34785249328706E-5	8,93079486559145E-5	1,41767552122474E-4
40,2849998474121	1,77781132038035E-8	8,1329176282452E-8	3,18663808229758E-7	1,06205391148251E-6	2,97951373795513E-6	7,18439832780859E-6	1,54289355123183E-5	2,98847971862415E-5	5,3475123422686E-5	8,93105898285285E-5	1,41787008033134E-4
40,4550018310547	1,77868937356607E-8	8,13308744795904E-8	3,18551229838704E-7	1,0616211056913E-6	2,97864016829408E-6	7,18254705134314E-6	1,54254466906423E-5	2,98794002446812E-5	5,34695755050052E-5	8,93120231921785E-5	1,41805459861644E-4
40,625			1,78136563278031E-8	8,13199747540239E-8	3,18416027766943E-7	1,0612280902933E-6	2,97764859169547E-6	7,18051887815818E-6	1,54217104864074E-5	2,98757186101284E-5	5,34677274117712E-5	8,93139149411581E-5	1,41823024023324E-4
40,7949981689453	1,78209091927783E-8	8,12978342423776E-8	3,18293899681521E-7	1,06086997675447E-6	2,97683322969533E-6	7,17856619303348E-6	1,5417805116158E-5	2,98707054753322E-5	5,34620121470653E-5	8,93158867256716E-5	1,4183965686243E-4
40,9650001525879	1,78315993082379E-8	8,12912546166444E-8	3,18182429737135E-7	1,06053300896747E-6	2,97591941489372E-6	7,17589000487351E-6	1,54137942445232E-5	2,98660488624591E-5	5,3455831221072E-5	8,93149626790546E-5	1,4185554755386E-4
41,1349983215332	1,78577259646318E-8	8,12853215848008E-8	3,18091224471573E-7	1,0601910389596E-6	2,97488395517576E-6	7,17426610208349E-6	1,54094559547957E-5	2,98594550258713E-5	5,34528080606833E-5	8,93154210643843E-5	1,41870623338036E-4
41,3050003051758	1,78645134241151E-8	8,12719633813686E-8	3,17963895213325E-7	1,05984611309395E-6	2,97397036774782E-6	7,17227567292866E-6	1,54058798216283E-5	2,98555751214735E-5	5,34476421307772E-5	8,9317822130397E-5	1,41885000630282E-4
41,4749984741211	1,78833037267623E-8	8,12652132253788E-8	3,178438703344E-7	1,05949141016026E-6	2,97275641969463E-6	7,169805940066E-6	1,54018271132372E-5	2,98507566185435E-5	5,34420505573507E-5	8,93181932042353E-5	1,41898446599953E-4
41,6450004577637	1,78879684398225E-8	8,12499933999788E-8	3,17748884981484E-7	1,05909498415713E-6	2,97179144581605E-6	7,16815247869818E-6	1,53981382027268E-5	2,98472477879841E-5	5,34362516191322E-5	8,93173564691097E-5	1,41911266837269E-4
41,814998626709		1,7903238003214E-8	8,1248465733097E-8	3,17650403758307E-7	1,05875346889661E-6	2,970753939735E-6	7,16633439878933E-6	1,53949276864296E-5	2,98408867820399E-5	5,34310820512474E-5	8,93198302946985E-5	1,41924087074585E-4
41,9850006103516	1,79169798997236E-8	8,12488849533111E-8	3,17523443982282E-7	1,05830145002983E-6	2,96962093671027E-6	7,16420527169248E-6	1,53918135765707E-5	2,98365230264608E-5	5,34271712240297E-5	8,93173200893216E-5	1,41937576700002E-4
42,1549987792969	1,79332264593768E-8	8,12282721085467E-8	3,17399411642327E-7	1,05790604720823E-6	2,96867142424162E-6	7,16187832949799E-6	1,53881574078696E-5	2,98315953841666E-5	5,34229293407407E-5	8,93162650754675E-5	1,4194572577253E-4
42,3250007629395	1,79526526977725E-8	8,12344680412025E-8	3,17277425665452E-7	1,05761444046948E-6	2,96767757390626E-6	7,15964415576309E-6	1,53842611325672E-5	2,98260074487189E-5	5,34172540938016E-5	8,93174365046434E-5	1,41952914418653E-4
42,4949989318848	1,79621100215854E-8	8,12216995882409E-8	3,17176443331846E-7	1,05722199350566E-6	2,96661255561048E-6	7,15746864443645E-6	1,53805085574277E-5	2,98211853078101E-5	5,34120481461287E-5	8,93152173375711E-5	1,41961820190772E-4
42,6650009155273	1,7980475774948E-8	8,12307376918397E-8	3,17033340024864E-7	1,056889686879E-6	2,96561825052777E-6	7,15493979441817E-6	1,53759883687599E-5	2,98160884995013E-5	5,34058708581142E-5	8,93149190233089E-5	1,41972705023363E-4
42,8349990844727	1,79948962397702E-8	8,12212732625994E-8	3,16927838639458E-7	1,05649644410732E-6	2,96467464977468E-6	7,15294982001069E-6	1,53730761667248E-5	2,98104896501172E-5	5,33989768882748E-5	8,93097894731909E-5	1,4198207645677E-4
43,0050010681152	1,80007084793488E-8	8,12093645663481E-8	3,16843824066382E-7	1,05606488887133E-6	2,96386792797421E-6	7,15077794666286E-6	1,53688979480648E-5	2,98054765153211E-5	5,3393428970594E-5	8,9309920440428E-5	1,41990618431009E-4
43,1749992370605	1,80186923159908E-8	8,11956155644111E-8	3,16748185014148E-7	1,05574952158349E-6	2,96283610623505E-6	7,14877978680306E-6	1,53654655150604E-5	2,97998412861489E-5	5,33886814082507E-5	8,93065152922645E-5	1,42000018968247E-4
43,3450012207031	1,8033368576198E-8	8,11909472986372E-8	3,16613324002901E-7	1,05537617400842E-6	2,9618272492371E-6	7,14680618330021E-6	1,53615856106626E-5	2,97948645311408E-5	5,33809470653068E-5	8,93041215022095E-5	1,4200052828528E-4
43,5149993896484	1,80465580257305E-8	8,11819589330298E-8	3,16498955044153E-7	1,05503079339542E-6	2,96085272566415E-6	7,14486623110133E-6	1,53579912876012E-5	2,97887272608932E-5	5,33746460860129E-5	8,9299792307429E-5	1,42005577799864E-4
43,685001373291		1,80606409827533E-8	8,11702136616077E-8	3,16381260745402E-7	1,05469166555849E-6	2,95988343168574E-6	7,14318775862921E-6	1,53528326336527E-5	2,97843726002611E-5	5,33687198185362E-5	8,92981552169658E-5	1,420129701728E-4
43,8549995422363	1,80744681443912E-8	8,11628737551473E-8	3,16278971013162E-7	1,05425976926199E-6	2,95868267130572E-6	7,14080579200527E-6	1,53486380440881E-5	2,9778972020722E-5	5,33607744728215E-5	8,92965181265026E-5	1,42020697239786E-4
44,0250015258789	1,80832486762483E-8	8,11516258636402E-8	3,16176141268443E-7	1,05392882687738E-6	2,9579894089693E-6	7,13905546945171E-6	1,53449000208639E-5	2,97731294267578E-5	5,33569073013496E-5	8,92918033059686E-5	1,42027216497809E-4
44,1949996948242	1,81100130447476E-8	8,11447122828213E-8	3,16077944262361E-7	1,05355752566538E-6	2,95690983875829E-6	7,13664439899731E-6	1,53412784129614E-5	2,9767081286991E-5	5,33515740244184E-5	8,92877724254504E-5	1,42031334689818E-4
44,3650016784668	1,81166708301816E-8	8,11454370364117E-8	3,15959027830104E-7	1,05320873444725E-6	2,95598511002027E-6	7,13445251676603E-6	1,53369401232339E-5	2,97616334137274E-5	5,33439233549871E-5	8,92851676326245E-5	1,42036631586961E-4
44,5349998474121	1,81316011094168E-8	8,11312332871239E-8	3,15848041054778E-7	1,05279787021573E-6	2,95490281132516E-6	7,13255076334463E-6	1,53335076902295E-5	2,97559436148731E-5	5,33375387021806E-5	8,92800380825065E-5	1,42040837090462E-4
44,7050018310547	1,81389818720845E-8	8,11294498248571E-8	3,1576908554598E-7	1,05251535842399E-6	2,95394670501992E-6	7,12984910933301E-6	1,53299642988713E-5	2,97495607810561E-5	5,33287966391072E-5	8,9277011284139E-5	1,42042219522409E-4
44,8699989318848	1,8158067049967E-8	8,11166813718955E-8	3,15621633717456E-7	1,05215633539046E-6	2,9529376206483E-6	7,12786732037785E-6	1,53259843500564E-5	2,97436745313462E-5	5,33223646925762E-5	8,92707976163365E-5	1,42043980304152E-4
45,0400009155273	1,81671442334164E-8	8,11230407293806E-8	3,1554458246319E-7	1,05179185538873E-6	2,95178779197158E-6	7,12586006557103E-6	1,53222899825778E-5	2,97377500828588E-5	5,33151796844322E-5	8,92665484570898E-5	1,42045246320777E-4
45,2099990844727	1,81811419253108E-8	8,11037423886773E-8	3,15437745257441E-7	1,051423168974E-6	2,95103404823749E-6	7,12413066139561E-6	1,53185355884489E-5	2,97327296721051E-5	5,33080783498008E-5	8,92620519152842E-5	1,42044314998202E-4
45,3800010681152	1,82035790885493E-8	8,10938232120861E-8	3,15367316261472E-7	1,05114270354534E-6	2,95014524454018E-6	7,12160181137733E-6	1,5314808479161E-5	2,97273618343752E-5	5,33017337147612E-5	8,92558746272698E-5	1,4204898616299E-4
45,5499992370605	1,82072277254974E-8	8,10951377161473E-8	3,15261672767519E-7	1,05067340427922E-6	2,94897017738549E-6	7,11967913957778E-6	1,53105029312428E-5	2,97208316624165E-5	5,32918165845331E-5	8,92504540388472E-5	1,42048360430636E-4
45,7200012207031	1,82216055577555E-8	8,10935674167013E-8	3,15157649311004E-7	1,05031313069048E-6	2,94788037535909E-6	7,11720895196777E-6	1,53068795043509E-5	2,97151000268059E-5	5,32849226146936E-5	8,92447424121201E-5	1,42046337714419E-4
45,8899993896484	1,82362818179627E-8	8,10652309723991E-8	3,1503461173088E-7	1,05000458461291E-6	2,94689380098134E-6	7,11518532625632E-6	1,53028067870764E-5	2,97103324555792E-5	5,32795856997836E-5	8,92404495971277E-5	1,42049859277904E-4
46,060001373291		1,82555393024586E-8	8,10693023822751E-8	3,14938688461552E-7	1,04960440694413E-6	2,94557935376361E-6	7,11349775883718E-6	1,52987013279926E-5	2,97039750876138E-5	5,32718950125854E-5	8,9233013568446E-5	1,42048302222975E-4
46,2299995422363	1,82651653801713E-8	8,10742264434339E-8	3,14842225179746E-7	1,04931382338691E-6	2,94482151730335E-6	7,11141046849662E-6	1,52945813169936E-5	2,96986472676508E-5	5,32660560566001E-5	8,92249881871976E-5	1,42050965223461E-4
46,4000015258789	1,82804367199196E-8	8,10617564184213E-8	3,14751446239825E-7	1,0489343367226E-6	2,94408096124243E-6	7,10927315594745E-6	1,52905795403058E-5	2,96921516564908E-5	5,32576486875769E-5	8,92204116098583E-5	1,42053933814168E-4
46,5699996948242	1,82859931641133E-8	8,10582321264519E-8	3,14643074261767E-7	1,04859361726994E-6	2,94299252345809E-6	7,10735866960022E-6	1,52864340634551E-5	2,96872494800482E-5	5,32500453118701E-5	8,92136813490652E-5	1,42050033900887E-4
46,7400016784668	1,8304103122091E-8	8,10354094937793E-8	3,14491956032725E-7	1,04823766378104E-6	2,94179039883602E-6	7,10513722879114E-6	1,52822394738905E-5	2,96803718811134E-5	5,32415542693343E-5	8,9208893768955E-5	1,42046206747182E-4
46,9099998474121	1,83128836539481E-8	8,10410938356654E-8	3,14399187573144E-7	1,04788796306821E-6	2,94104324893851E-6	7,1028098318493E-6	1,52774973685155E-5	2,9674542020075E-5	5,32353806192987E-5	8,92022508196533E-5	1,4204288891051E-4
47,0800018310547	1,83297217404288E-8	8,10276503671048E-8	3,14277428969945E-7	1,04744924556144E-6	2,9399081995507E-6	7,10090807842789E-6	1,52748889377108E-5	2,96691978292074E-5	5,32267222297378E-5	8,91940580913797E-5	1,42040618811734E-4
47,25			1,83386728025425E-8	8,10197633427379E-8	3,14169085413596E-7	1,04710557025101E-6	2,93911125481827E-6	7,09876621840522E-6	1,52703742060112E-5	2,96629459626274E-5	5,32194935658481E-5	8,91855306690559E-5	1,42038261401467E-4
47,4199981689453	1,83516934981753E-8	8,10252274163759E-8	3,14090328856764E-7	1,04679497781035E-6	2,93800712825032E-6	7,0965024860925E-6	1,52666416397551E-5	2,96565540338634E-5	5,32109224877786E-5	8,91774179763161E-5	1,42036587931216E-4
47,5900001525879	1,83692527855328E-8	8,10200617706869E-8	3,13967831289119E-7	1,04651064702921E-6	2,93697644337954E-6	7,09437790646916E-6	1,52627817442408E-5	2,96501948469086E-5	5,32023477717303E-5	8,91693052835763E-5	1,42035831231624E-4
47,7599983215332	1,83799429009923E-8	8,10086078217864E-8	3,13859459311061E-7	1,04618095519982E-6	2,93618245450489E-6	7,09220239514252E-6	1,52592274389463E-5	2,96440430247458E-5	5,3194111387711E-5	8,91647287062369E-5	1,42032848089002E-4
47,9300003051758	1,83954664834118E-8	8,10097091630269E-8	3,13767657189601E-7	1,04573803128005E-6	2,93542643703404E-6	7,09030018697376E-6	1,52558895933907E-5	2,96394609904382E-5	5,31886871613096E-5	8,91559029696509E-5	1,42030796268955E-4
48,0999984741211	1,84002590941645E-8	8,10020353014806E-8	3,13648200744865E-7	1,04546131751704E-6	2,93427569886262E-6	7,08812058292096E-6	1,52507363964105E-5	2,96340585919097E-5	5,31801160832401E-5	8,91490490175784E-5	1,42027842230164E-4
48,2700004577637	1,84166726313606E-8	8,0998049156733E-8	3,13566033582902E-7	1,0450811487317E-6	2,93313678412233E-6	7,08607149135787E-6	1,52470038301544E-5	2,96275757136755E-5	5,31720434082672E-5	8,91394302016124E-5	1,42022807267495E-4
48,439998626709		1,84348269982593E-8	8,09884213026635E-8	3,1349176765616E-7	1,04477771856182E-6	2,93225321001955E-6	7,08419520378811E-6	1,52424636326032E-5	2,96208654617658E-5	5,3164145356277E-5	8,91339223016985E-5	1,42018805490807E-4
48,6100006103516	1,84451334206415E-8	8,09887552577493E-8	3,13371657512107E-7	1,04439368442399E-6	2,93140624307853E-6	7,08167863194831E-6	1,523887476651E-5	2,96138823614456E-5	5,31554906046949E-5	8,9123503130395E-5	1,42014570883475E-4
48,7799987792969	1,84574346917543E-8	8,09714890692703E-8	3,13264479245845E-7	1,04418154478481E-6	2,93049697575043E-6	7,07989465809078E-6	1,52350203279639E-5	2,960822712339E-5	5,31467921973672E-5	8,9117485913448E-5	1,42006581882015E-4
48,9500007629395	1,84716437701127E-8	8,09612288321659E-8	3,13144767005724E-7	1,0438704975968E-6	2,92950994662533E-6	7,07766002960852E-6	1,52311240526615E-5	2,96032631013077E-5	5,31370424141642E-5	8,91103845788166E-5	1,42003686050884E-4
49,1199989318848	1,84833925942485E-8	8,0965939730504E-8	3,13036764509889E-7	1,04345508589176E-6	2,9283935418789E-6	7,07560684531927E-6	1,52266129589407E-5	2,95971694868058E-5	5,31298137502745E-5	8,91005984158255E-5	1,42001663334668E-4
49,2900009155273	1,84996800101089E-8	8,09560560810496E-8	3,12950049874416E-7	1,04314483451162E-6	2,92762820208736E-6	7,07313301973045E-6	1,52227712533204E-5	2,95902718789876E-5	5,31226687598974E-5	8,90914307092316E-5	1,4199317956809E-4
49,4599990844727	1,85143136377519E-8	8,09476574659129E-8	3,12893945420001E-7	1,04266371181438E-6	2,92647837341065E-6	7,07137769495603E-6	1,52189040818485E-5	2,95827376248781E-5	5,31140540260822E-5	8,90821902430616E-5	1,41989483381622E-4
49,6300010681152	1,85228383742242E-8	8,09534697054914E-8	3,12802427515635E-7	1,04239256870642E-6	2,92551590064249E-6	7,06915625414695E-6	1,5215160601656E-5	2,95771351375151E-5	5,31054793100338E-5	8,90739174792543E-5	1,41977245220914E-4
49,7999992370605	1,85402715402461E-8	8,09394222756055E-8	3,12688626991076E-7	1,04209846085723E-6	2,9245945825096E-6	7,06716627973947E-6	1,52108204929391E-5	2,95709378406173E-5	5,30961078766268E-5	8,90647061169147E-5	1,4197152631823E-4
49,9700012207031	1,85475244052213E-8	8,09328071227355E-8	3,12626184495457E-7	1,04178104720631E-6	2,92370350507554E-6	7,06504533809493E-6	1,52067477756646E-5	2,95655136142159E-5	5,30877077835612E-5	8,90558876562864E-5	1,41965851071291E-4
50,1399993896484	1,85671193975168E-8	8,09104605536959E-8	3,12514430333977E-7	1,04144112356153E-6	2,92277718472178E-6	7,06316041032551E-6	1,52025659190258E-5	2,95596146315802E-5	5,30795114173088E-5	8,90439914655872E-5	1,41958051244728E-4
50,310001373291		1,85712334399568E-8	8,09137645774172E-8	3,12405944669081E-7	1,04111450127675E-6	2,92178333438642E-6	7,06116588844452E-6	1,51984077092493E-5	2,95527424896136E-5	5,30708130099811E-5	8,9034962002188E-5	1,41951313707978E-4
50,4799995422363	1,85920594475419E-8	8,09135158874597E-8	3,12330826091056E-7	1,04080515939131E-6	2,92083359454409E-6	7,05944466972142E-6	1,51942931552185E-5	2,95460158667993E-5	5,30608085682616E-5	8,90268420334905E-5	1,41943455673754E-4
50,6500015258789	1,86027051540805E-8	8,09012519198404E-8	3,12231691168563E-7	1,04041384929587E-6	2,91985770672909E-6	7,05763159203343E-6	1,51902831930784E-5	2,95393456326565E-5	5,30531651747879E-5	8,90176015673205E-5	1,41938042361289E-4
50,8199996948242	1,86140312052885E-8	8,08847104849519E-8	3,12183061623728E-7	1,04010928225762E-6	2,91898868454155E-6	7,05575484971632E-6	1,51863241626415E-5	2,95337740681134E-5	5,30448014615104E-5	8,90047813300043E-5	1,41929253004491E-4
50,9900016784668	1,86268831470215E-8	8,08855631362349E-8	3,12058972440354E-7	1,039812673298E-6	2,91773017124797E-6	7,05374350218335E-6	1,51823514897842E-5	2,95267200272065E-5	5,30363940924872E-5	8,89946168172173E-5	1,4192279195413E-4
51,1599998474121	1,86396924561905E-8	8,08831828180701E-8	3,11949719389304E-7	1,03942261375778E-6	2,91681271846755E-6	7,05144202584052E-6	1,51780132000567E-5	2,95209665637231E-5	5,3027062676847E-5	8,89851144165732E-5	1,41913376864977E-4
51,3300018310547	1,86488531284112E-8	8,08758002790455E-8	3,11834099875341E-7	1,03910997495404E-6	2,91608466795878E-6	7,04927515471354E-6	1,51741633089841E-5	2,95146055577789E-5	5,30168108525686E-5	8,89762523001991E-5	1,41904296469875E-4
51,5			1,86652684419641E-8	8,08691851261756E-8	3,11717997192318E-7	1,03881507129699E-6	2,91506148641929E-6	7,04674584994791E-6	1,51705735333962E-5	2,95085374091286E-5	5,30088291270658E-5	8,89694347279146E-5	1,41893950058147E-4
51,6699981689453	1,86718001060626E-8	8,08685456377134E-8	3,11640945938052E-7	1,03846286947373E-6	2,91418950837397E-6	7,04523517924827E-6	1,5166542652878E-5	2,95021782221738E-5	5,29989920323715E-5	8,89584698597901E-5	1,4188390923664E-4
51,8400001525879	1,86844815175391E-8	8,08661795304033E-8	3,11526406449048E-7	1,03816148566693E-6	2,91310379907372E-6	7,04316516930703E-6	1,51625417856849E-5	2,94946021313081E-5	5,29915159859229E-5	8,89523726073094E-5	1,4187311171554E-4
52,0099983215332	1,87000068763155E-8	8,08660018947194E-8	3,11493096205595E-7	1,03779075288912E-6	2,91211813419068E-6	7,04127614881145E-6	1,51582416947349E-5	2,94890669465531E-5	5,29809622094035E-5	8,89382572495379E-5	1,41863856697455E-4
52,1800003051758	1,87159532316628E-8	8,0839924976317E-8	3,11355279336567E-7	1,03745719570725E-6	2,91143237518554E-6	7,03957175574033E-6	1,51551857925369E-5	2,94834753731266E-5	5,29735661984887E-5	8,89264047145844E-5	1,41851007356308E-4
52,3499984741211	1,87215949409847E-8	8,08371609650749E-8	3,11245798911841E-7	1,03718480204407E-6	2,91043511424505E-6	7,03726163919782E-6	1,51514877870795E-5	2,94762030534912E-5	5,29628086951561E-5	8,89159055077471E-5	1,41840791911818E-4
52,5200004577637	1,87357205305716E-8	8,08319953193859E-8	3,11158487420471E-7	1,03679440144333E-6	2,90952584691695E-6	7,03521709510824E-6	1,51477297549718E-5	2,94715046038618E-5	5,29541503055952E-5	8,89053117134608E-5	1,41829616040923E-4
52,689998626709		1,87428454978544E-8	8,08355054005006E-8	3,11073335979017E-7	1,03655929706292E-6	2,90835509986209E-6	7,03350860931096E-6	1,51431431731908E-5	2,94645742542343E-5	5,29461285623256E-5	8,88975409907289E-5	1,41817683470435E-4
52,8600006103516	1,87570545762128E-8	8,08275402164327E-8	3,10992248842012E-7	1,03627542102913E-6	2,9075004022161E-6	7,03144633007469E-6	1,51398917296319E-5	2,9457320124493E-5	5,29375938640442E-5	8,88857248355635E-5	1,41806885949336E-4
53,0299987792969	1,87707129839509E-8	8,0822360359889E-8	3,10935348579733E-7	1,03586808108957E-6	2,90679099634872E-6	7,02951092534931E-6	1,51358390212408E-5	2,945068081317E-5	5,29271746927407E-5	8,88747599674389E-5	1,41803175210953E-4
53,2000007629395	1,87869577672473E-8	8,08229145832229E-8	3,10833996763904E-7	1,03552815744479E-6	2,90596221930173E-6	7,02742818248225E-6	1,51315471157432E-5	2,94433430099161E-5	5,2917381253792E-5	8,88642971403897E-5	1,41790500492789E-4
53,3699989318848	1,88025239822309E-8	8,08195181889459E-8	3,10763198285713E-7	1,03515014870936E-6	2,9048967462586E-6	7,02512625139207E-6	1,51282611113857E-5	2,94376332021784E-5	5,29080934938975E-5	8,88544600456953E-5	1,41781172715127E-4
53,5400009155273	1,88110487187032E-8	8,08157452070191E-8	3,10621402377365E-7	1,03473678336741E-6	2,90394382318482E-6	7,02323723089648E-6	1,51243302752846E-5	2,9431568691507E-5	5,28988493897486E-5	8,88436188688502E-5	1,41767130116932E-4
53,7099990844727	1,88208897355935E-8	8,08247762051906E-8	3,10524484348207E-7	1,03447746369056E-6	2,90308867079148E-6	7,02085117154638E-6	1,5119946510822E-5	2,9425100365188E-5	5,28907366970088E-5	8,88325666892342E-5	1,41756376251578E-4
53,8800010681152	1,88385342880792E-8	8,0808113978037E-8	3,10440952944191E-7	1,03421950825577E-6	2,90205412056821E-6	7,01935778124607E-6	1,51159492816078E-5	2,94187047984451E-5	5,28803575434722E-5	8,88207214302383E-5	1,41749682370573E-4
54,0499992370605	1,88428188607759E-8	8,07925459866965E-8	3,10358728938809E-7	1,03385752936447E-6	2,90102593680786E-6	7,01740918884752E-6	1,51118510984816E-5	2,94114306598203E-5	5,28718264831696E-5	8,88097565621138E-5	1,41739146783948E-4
54,2200012207031	1,88684374791137E-8	8,07925886192606E-8	3,10257576074946E-7	1,03356774161512E-6	2,90025968752161E-6	7,01542376191355E-6	1,51073736560647E-5	2,94053461402655E-5	5,28627533640247E-5	8,87979404069483E-5	1,41722746775486E-4
54,3899993896484	1,8877514662563E-8	8,07797775337349E-8	3,10198856823263E-7	1,03330762613041E-6	2,89937156594533E-6	7,0128817242221E-6	1,51029553308035E-5	2,93986722681439E-5	5,28529999428429E-5	8,87889473233372E-5	1,41709475428797E-4
54,560001373291		1,8888542285822E-8	8,07815965231384E-8	3,10097448164015E-7	1,0329049473512E-6	2,89843364953413E-6	7,01110229783808E-6	1,50997748278314E-5	2,93905632133828E-5	5,28437121829484E-5	8,87740752659738E-5	1,41700016683899E-4
54,7299995422363	1,88955411317693E-8	8,07777382760833E-8	3,10008516635207E-7	1,03258082617685E-6	2,89746253656631E-6	7,00911596140941E-6	1,50951245814213E-5	2,93850262096385E-5	5,28337113792077E-5	8,87638161657378E-5	1,41690310556442E-4
54,9000015258789	1,891059753234E-8	8,07878706154952E-8	3,09923507302301E-7	1,03220770597545E-6	2,89652643914451E-6	7,007214207988E-6	1,50911773744156E-5	2,93798893835628E-5	5,28251839568838E-5	8,87532223714516E-5	1,41677795909345E-4
55,0699996948242	1,89248066106984E-8	8,07914446454561E-8	3,09812719478941E-7	1,03192985534406E-6	2,89564854938362E-6	7,00535019859672E-6	1,50874966493575E-5	2,93725388473831E-5	5,28149685123935E-5	8,87407441041432E-5	1,41667740535922E-4
55,2400016784668	1,89346476275887E-8	8,07828755000628E-8	3,0972148579167E-7	1,03162892628461E-6	2,8944959922228E-6	7,00327564118197E-6	1,50835876411293E-5	2,93665452772984E-5	5,28057244082447E-5	8,87299465830438E-5	1,41652155434713E-4
55,4099998474121	1,89465652056242E-8	8,07767719379626E-8	3,09649465179973E-7	1,03135278095579E-6	2,89380204776535E-6	7,00159216648899E-6	1,50798123286222E-5	2,93599787255516E-5	5,27968586538918E-5	8,87155329110101E-5	1,41641270602122E-4
55,5800018310547	1,89601383482341E-8	8,07707465355634E-8	3,09592280700599E-7	1,03105571724882E-6	2,89297759081819E-6	6,99947622706532E-6	1,50753448906471E-5	2,93525499728275E-5	5,27853007952217E-5	8,87046408024617E-5	1,41628610435873E-4
55,75			1,89766389269153E-8	8,07520379453308E-8	3,09501132278456E-7	1,03067804957391E-6	2,89195895675221E-6	6,99698921380332E-6	1,50718560689711E-5	2,93461816909257E-5	5,27779884578194E-5	8,86938069015741E-5	1,41613534651697E-4
55,9199981689453	1,89807511929985E-8	8,07502971156282E-8	3,0939162343202E-7	1,03034926723922E-6	2,89117429019825E-6	6,99513748259051E-6	1,50674050019006E-5	2,93388256977778E-5	5,27679476363119E-5	8,86833367985673E-5	1,41600030474365E-4
56,0900001525879	1,89969977526516E-8	8,07547948511456E-8	3,09315169033653E-7	1,0300267376806E-6	2,89005470222037E-6	6,99293696015957E-6	1,50641353684478E-5	2,93333978333976E-5	5,27579868503381E-5	8,86723719304428E-5	1,41590760904364E-4
56,2599983215332	1,90084925577594E-8	8,0742921682031E-8	3,09230046013909E-7	1,02971102933225E-6	2,88926617031393E-6	6,99107295076828E-6	1,50604155351175E-5	2,93273769784719E-5	5,2749030146515E-5	8,86614434421062E-5	1,41572643769905E-4
56,4300003051758	1,90187989801416E-8	8,07302384941977E-8	3,09151999999813E-7	1,02940168744681E-6	2,88844580609293E-6	6,98912072039093E-6	1,50562627823092E-5	2,93204757326748E-5	5,2739789680345E-5	8,86488778633066E-5	1,41562602948397E-4
56,5999984741211	1,90243980568994E-8	8,07266715696642E-8	3,09036209955593E-7	1,0291156513631E-6	2,88751607513404E-6	6,98745452609728E-6	1,50520754687022E-5	2,93135999527294E-5	5,27291595062707E-5	8,86341731529683E-5	1,41546086524613E-4
56,7700004577637	1,90392857035704E-8	8,07229838528656E-8	3,08938211901477E-7	1,0288013072568E-6	2,8865053991467E-6	6,98538406140869E-6	1,50477326315013E-5	2,93076045636553E-5	5,27175980096217E-5	8,86250927578658E-5	1,41529395477846E-4
56,939998626709		1,90563778090791E-8	8,07152602533279E-8	3,08813554283915E-7	1,0285828011547E-6	2,88563182948565E-6	6,98394524079049E-6	1,50438872879022E-5	2,93006942229113E-5	5,27096999576315E-5	8,86145135154948E-5	1,41517753945664E-4
57,1100006103516	1,90635880414902E-8	8,0711110683751E-8	3,08758274059073E-7	1,02819660696696E-6	2,88462342723506E-6	6,98172334523406E-6	1,50399146150448E-5	2,92942731903167E-5	5,2701336244354E-5	8,85995395947248E-5	1,41503507620655E-4
57,2799987792969	1,90726670012964E-8	8,07125459800773E-8	3,08684860783615E-7	1,02791659628565E-6	2,88387332147977E-6	6,97978794050869E-6	1,50355217556353E-5	2,92878139589448E-5	5,26925941812806E-5	8,85871922946535E-5	1,41493044793606E-4
57,4500007629395	1,90854745341085E-8	8,07060160923356E-8	3,08610566435163E-7	1,02757996955916E-6	2,8827073492721E-6	6,97778932590154E-6	1,50315117934952E-5	2,92813183477847E-5	5,26820476807188E-5	8,85750050656497E-5	1,41477954457514E-4
57,6199989318848	1,9107147863906E-8	8,07086451004579E-8	3,08531781456622E-7	1,02719809547125E-6	2,88194905806449E-6	6,97598397891852E-6	1,50277664943133E-5	2,92742242891109E-5	5,26719632034656E-5	8,85610934346914E-5	1,41464799526148E-4
57,7900009155273	1,91165216989475E-8	8,07086095733212E-8	3,08470418985962E-7	1,02687090475229E-6	2,88095634459751E-6	6,97386349202134E-6	1,50233072417905E-5	2,92676813842263E-5	5,26630938111339E-5	8,85502086021006E-5	1,41449039801955E-4
57,9599990844727	1,912665936743E-8	8,07029252314351E-8	3,08345619259853E-7	1,02660237644159E-6	2,880053671106E-6	6,97212999511976E-6	1,50191208376782E-5	2,92615695798304E-5	5,26544790773187E-5	8,85353729245253E-5	1,41437238198705E-4
58,1300010681152	1,91381541725377E-8	8,06812039400029E-8	3,08254925585061E-7	1,02633123333362E-6	2,87936518361676E-6	6,97050563758239E-6	1,5015092685644E-5	2,92556214844808E-5	5,26453586644493E-5	8,85237750480883E-5	1,41423239256255E-4
58,2999992370605	1,91546121186548E-8	8,06877338277445E-8	3,08176367980195E-7	1,02601859452989E-6	2,87846273749892E-6	6,9687130235252E-6	1,50111927723628E-5	2,9248829378048E-5	5,26351905136835E-5	8,8511806097813E-5	1,41405762406066E-4
58,4700012207031	1,91661069237625E-8	8,06820921184226E-8	3,08116284486459E-7	1,02569595128443E-6	2,87754482997116E-6	6,96648294251645E-6	1,50082305481192E-5	2,92416261800099E-5	5,26250623806845E-5	8,85026820469648E-5	1,41394048114307E-4
58,6399993896484	1,91784490510827E-8	8,06725495294813E-8	3,08060265297172E-7	1,02541048363491E-6	2,87666057374736E-6	6,96477900419268E-6	1,50045616464922E-5	2,92353561235359E-5	5,261266414891E-5	8,84870023583062E-5	1,41375552630052E-4
58,810001373291		1,9195246281356E-8	8,06689897103752E-8	3,07978410774012E-7	1,0251138746753E-6	2,8756953724951E-6	6,96261622579186E-6	1,50007490447024E-5	2,92292388621718E-5	5,26035037182737E-5	8,84746041265316E-5	1,41364827868529E-4
58,9799995422363	1,92038562829566E-8	8,06631348382325E-8	3,0790769756095E-7	1,02483249975194E-6	2,87476768789929E-6	6,96062170391087E-6	1,49967736433609E-5	2,9223605451989E-5	5,25930008734576E-5	8,84623368619941E-5	1,41348908073269E-4
59,1500015258789	1,92093292383788E-8	8,06699631539232E-8	3,07778037722528E-7	1,02454055195267E-6	2,87411126009829E-6	6,9584798438882E-6	1,49929937833804E-5	2,92158292722888E-5	5,258375313133E-5	8,84496403159574E-5	1,41332173370756E-4
59,3199996948242	1,92237923357652E-8	8,06678457365706E-8	3,07698456936123E-7	1,02419051017932E-6	2,87308557744836E-6	6,95665357852704E-6	1,49886263898225E-5	2,92093445750652E-5	5,25736249983311E-5	8,84352339198813E-5	1,41314027132466E-4
59,4900016784668	1,92422842104634E-8	8,06462523428308E-8	3,07607422200817E-7	1,02386593425763E-6	2,87215243588435E-6	6,95476865075761E-6	1,49844227053109E-5	2,92026434181025E-5	5,25631621712819E-5	8,84225009940565E-5	1,4129864575807E-4
59,6599998474121	1,9240374626861E-8	8,06494355742871E-8	3,07506525132339E-7	1,02356455045083E-6	2,871089918699E-6	6,9529928623524E-6	1,49801180668874E-5	2,91966753138695E-5	5,25540817761794E-5	8,84099354152568E-5	1,41286116559058E-4
59,8300018310547	1,92522939812534E-8	8,06441278200509E-8	3,07415575662162E-7	1,02329477158492E-6	2,87021043732238E-6	6,95123844707268E-6	1,49761171996943E-5	2,91896139970049E-5	5,25440809724387E-5	8,83968605194241E-5	1,41273223562166E-4
60			1,92635773998973E-8	8,06335691549975E-8	3,07346397221409E-7	1,02297269677365E-6	2,86937824967026E-6	6,9489115048782E-6	1,49723045979044E-5	2,91834639938315E-5	5,2534080168698E-5	8,83840475580655E-5	1,41254306072369E-4