0			5,37047229604015E-12	-7,74545672044269E-9	-4,39405738461573E-8	-1,53528901591926E-7	-4,58643228284927E-7	-1,19881929094845E-6	-1,72625323102693E-6	-3,00577517009515E-6	-6,18328931523138E-6	-7,50513618186233E-6	-1,09084721771069E-5
0,159999996423721	5,855200213567E-10	-1,64244418066062E-9	-2,26658638524668E-8	-1,02690961512053E-7	-2,85012390577322E-7	-8,39297854327015E-7	-1,34390757011715E-6	-2,38272082242474E-6	-4,69356155008427E-6	-6,09625976721873E-6	-8,9385948740528E-6
0,324999988079071	1,1719596404447E-9	4,0112904109435E-9	-5,96689853082921E-9	-5,41909130902241E-8	-1,80396497739821E-7	-5,72255714814673E-7	-9,71971985563869E-7	-1,77363244802109E-6	-2,96201937999285E-6	-4,71403518531588E-6	-7,00010104992543E-6
0,485000014305115	1,6813472836219E-9	8,22649326437386E-9	9,31508736812248E-9	-9,13127617963028E-9	-8,29361681553564E-8	-2,72729948846973E-7	-6,22091761215415E-7	-1,19853575597517E-6	-2,07510197469674E-6	-3,09627193928463E-6	-5,15599231221131E-6
0,644999980926514	2,22952856177017E-9	1,29636550383339E-8	2,40081785563007E-8	3,1449872039957E-8	1,37665692179212E-8	-8,33440836345289E-8	-2,35020394256935E-7	-6,42461088773416E-7	-1,21509799555497E-6	-1,87457499123411E-6	-3,0155504191498E-6
0,810000002384186	2,81987588834909E-9	1,74681016318345E-8	3,86272738239768E-8	6,82457397260805E-8	1,01674032748633E-7	1,05213757706224E-7	8,97178153991263E-8	3,8663451107368E-8	-2,2664428911412E-7	-6,34510968211544E-7	-1,25689484775648E-6
0,970000028610229	3,34114202971136E-9	2,15695798999604E-8	4,97817111977383E-8	1,04057541250313E-7	1,81950227329253E-7	2,79584298823465E-7	3,92036810126228E-7	5,54043083411671E-7	6,24025517481641E-7	5,32080775883514E-7	6,66682183236844E-7
1,12999999523163	3,9040783939015E-9	2,54546463906991E-8	6,25247764673986E-8	1,38490392487256E-7	2,59540229308186E-7	4,4797141640629E-7	6,93054687417316E-7	1,03618026514596E-6	1,37572112635098E-6	1,67559528563288E-6	2,24389373215672E-6
1,29499995708466	4,51815074242745E-9	2,92817734504069E-8	7,49259498888932E-8	1,72361495742734E-7	3,35982718979722E-7	6,06822823101538E-7	9,78042407950852E-7	1,49920572312112E-6	2,12551003642147E-6	2,8174176804896E-6	3,82309326596442E-6
1,45500004291534	5,07682962336276E-9	3,28322897757971E-8	8,66253557774144E-8	2,04336302545016E-7	4,08623208159042E-7	7,5909503038929E-7	1,25035091969039E-6	1,94318749890954E-6	2,84507291326008E-6	3,91583853343036E-6	5,37409687240142E-6
1,61500000953674	5,58994184274297E-9	3,62546757060045E-8	9,79524514832519E-8	2,35186689678812E-7	4,78908589229832E-7	9,06691980162577E-7	1,50572543589078E-6	2,37766266764083E-6	3,54958001480554E-6	4,99102725370904E-6	6,85684608470183E-6
1,77999997138977	6,11763617541783E-9	3,96395591906185E-8	1,09295406502952E-7	2,66264464698907E-7	5,39923576070578E-7	1,05603487554617E-6	1,77077902208111E-6	2,82065548162791E-6	4,2683341234806E-6	6,09389280725736E-6	8,37643892737105E-6
1,94000005722046	6,61634658172261E-9	4,27905000321971E-8	1,19768074569038E-7	2,88151710492457E-7	6,05027310029982E-7	1,19528294817428E-6	2,01945545086346E-6	3,23745280184085E-6	4,94576852361206E-6	7,1161716732604E-6	9,81418088485952E-6
2,09999990463257	7,09019198907868E-9	4,57780799933971E-8	1,29933027892548E-7	3,15516530235982E-7	6,68017094085371E-7	1,3302948218552E-6	2,26201882469468E-6	3,64511174666404E-6	5,58649253434851E-6	8,11818154033972E-6	1,12284569695476E-5
2,26500010490417	7,59138796269099E-9	4,87572044960416E-8	1,39903491458426E-7	3,42505558137418E-7	7,30406327420496E-7	1,46443653648021E-6	2,50404150392569E-6	4,05300397687824E-6	6,24306039753719E-6	9,12342238734709E-6	1,26471495605074E-5
2,42499995231628	8,06714339773862E-9	5,06013613232881E-8	1,49339982158381E-7	3,68109397186345E-7	7,89900582276459E-7	1,59222815909743E-6	2,73541854767245E-6	4,44476017946727E-6	6,87503688823199E-6	1,00911747722421E-5	1,4018020920048E-5
2,58999991416931	8,55657589227121E-9	5,33709290095885E-8	1,58875991473906E-7	3,93898773154433E-7	8,50044273192907E-7	1,72166255651973E-6	2,97101610158279E-6	4,84419933854952E-6	7,5204084168945E-6	1,10808286990505E-5	1,54224053403595E-5
2,75			8,99916319241356E-9	5,59260406873818E-8	1,67719576893433E-7	4,17907955352348E-7	9,06186812699161E-7	1,84241503120575E-6	3,19175842378172E-6	5,18920796821476E-6	8,12783491710434E-6	1,20134573080577E-5	1,6749947462813E-5
2,91000008583069	9,44842781791522E-9	5,83717501001502E-8	1,76260058992739E-7	4,4123765974291E-7	9,60668103289208E-7	1,96024825527275E-6	3,407768872421E-6	5,55410269953427E-6	8,72434975462966E-6	1,29309200929129E-5	1,80576571437996E-5
3,07500004768372	9,90372939213557E-9	6,07993300150156E-8	1,84683514703465E-7	4,64302132741068E-7	1,01477507996606E-6	2,07721473088895E-6	3,62337186743389E-6	5,91967000218574E-6	9,32282091525849E-6	1,38516043080017E-5	1,93717696674867E-5
3,23499989509583	1,0338855105374E-8	6,30962802006252E-8	1,92674292520678E-7	4,86151975565008E-7	1,06635570773506E-6	2,18917693928233E-6	3,82992493541678E-6	6,27046665613307E-6	9,89795444183983E-6	1,47383925650502E-5	2,05889464268694E-5
3,39499998092651	1,07715107944273E-8	6,53134009098721E-8	2,00399256300443E-7	5,004731065128E-7	1,11641656985739E-6	2,29775582738512E-6	4,03157127948361E-6	6,61404101265362E-6	1,04617693068576E-5	1,56083497131476E-5	2,18242021219339E-5
3,55999994277954	1,12059854728841E-8	6,75476812261877E-8	2,08226921927235E-7	5,21683716669941E-7	1,16746696221526E-6	2,40801909967558E-6	4,23729079557233E-6	6,96612869433011E-6	1,10401151687256E-5	1,65006895258557E-5	2,30963250942295E-5
3,72000002861023	1,16250822301822E-8	6,96202846484084E-8	2,15463288100182E-7	5,41310726021038E-7	1,21504331218603E-6	2,51119467975514E-6	4,43016097051441E-6	7,29647581465542E-6	1,15842967716162E-5	1,7342248611385E-5	2,42974074353697E-5
3,88000011444092	1,20237713119309E-8	7,16059034289174E-8	2,224316375532E-7	5,60242881419981E-7	1,26102816011553E-6	2,61145282820507E-6	4,61861509393202E-6	7,62029139877995E-6	1,21180255518993E-5	1,81674022314837E-5	2,54803362622624E-5
4,04500007629395	1,2472245458639E-8	7,36325347361344E-8	2,29338212420771E-7	5,79242794174206E-7	1,30696412270481E-6	2,71178669208894E-6	4,80712378703174E-6	7,94526658864925E-6	1,26529748740722E-5	1,89985457836883E-5	2,66729166469304E-5
4,20499992370605	1,28255237541453E-8	7,55006013264392E-8	2,35980905927136E-7	5,97389316681074E-7	1,3506255527318E-6	2,807324335663E-6	4,98766621603863E-6	8,25706229079515E-6	1,3167635188438E-5	1,97955250769155E-5	2,78204151982209E-5
4,36499977111816	1,32390685081418E-8	7,74002586467759E-8	2,42312609088913E-7	6,14950408817094E-7	1,39328926707094E-6	2,90009393211221E-6	5,1299252845638E-6	8,5628335000365E-6	1,36731086968211E-5	2,05814139917493E-5	2,89514773612609E-5
4,53000020980835	1,36427171781861E-8	7,93230015005975E-8	2,48787642931347E-7	6,32719604709564E-7	1,43674299124541E-6	2,99482030641229E-6	5,30822717337287E-6	8,87580972630531E-6	1,41914197229198E-5	2,13865823752712E-5	3,01140153169399E-5
4,69000005722046	1,40364440071039E-8	8,11446838611118E-8	2,54788886877577E-7	6,4928048004731E-7	1,47718560583598E-6	3,08343533106381E-6	5,47471518075326E-6	9,16992303245934E-6	1,46786724144476E-5	2,21447444346268E-5	3,1210744054988E-5
4,84999990463257	1,44038114768819E-8	8,28704642685807E-8	2,60566253018624E-7	6,65375750941166E-7	1,51648293922335E-6	3,16986006509978E-6	5,63801131647779E-6	9,45834472076967E-6	1,51575195559417E-5	2,28909757424844E-5	3,2291474781232E-5
5,0149998664856		1,47674352746208E-8	8,4624886653728E-8	2,66379458935262E-7	6,81306630667677E-7	1,55524662659445E-6	3,25614587382006E-6	5,80172263653367E-6	9,746964678925E-6	1,56370624608826E-5	2,36392061196966E-5	3,33776297338773E-5
5,17500019073486	1,51394115022185E-8	8,62660414213678E-8	2,71814201369125E-7	6,9658676693507E-7	1,59272531163879E-6	3,33835509991331E-6	5,95856636209646E-6	1,00244778877823E-5	1,60987292474601E-5	2,4358936570934E-5	3,44247164321132E-5
5,33500003814697	1,54953401221292E-8	8,79230128703057E-8	2,7713207373381E-7	7,11495999894396E-7	1,62916091994703E-6	3,41809436577023E-6	6,11232326264144E-6	1,02969806903275E-5	1,65517922141589E-5	2,50685698119923E-5	3,54571202478837E-5
5,5			1,5865181168806E-8	8,95062584049811E-8	2,82349702729334E-7	7,26129314898571E-7	1,66541599355696E-6	3,49795459442248E-6	6,26599558017915E-6	1,05692433862714E-5	1,70064959092997E-5	2,57783976849169E-5	3,64932275260799E-5
5,65999984741211	1,62096309708204E-8	9,10608548565506E-8	2,87360279571658E-7	7,40118707653892E-7	1,69981353792537E-6	3,5743207718042E-6	6,41297219772241E-6	1,08307940536179E-5	1,74436663655797E-5	2,64635255007306E-5	3,7492693081731E-5
5,82000017166138	1,65603513124779E-8	9,25725132105981E-8	2,92254270561898E-7	7,53765732497413E-7	1,73348587395594E-6	3,62157288691378E-6	6,55711392028024E-6	1,10873143057688E-5	1,78721456904896E-5	2,71376393357059E-5	3,84773920814041E-5
5,9850001335144		1,69107341463359E-8	9,41087279215935E-8	2,97183788688926E-7	7,67586413985555E-7	1,76764058323897E-6	3,69557346857619E-6	6,70440977046383E-6	1,13495798359509E-5	1,8312297470402E-5	2,78272109426325E-5	3,94847811548971E-5
6,14499998092651	1,72648579876977E-8	9,55361798560261E-8	3,01724440987527E-7	7,80511300035869E-7	1,79944936462562E-6	3,76464686269173E-6	6,84207907397649E-6	1,15953953354619E-5	1,87242512765806E-5	2,84746820398141E-5	4,0437385905534E-5
6,30499982833862	1,75931909041083E-8	9,69272591078152E-8	3,06210580447441E-7	7,93050844549725E-7	1,83096517503145E-6	3,83340557164047E-6	6,97744280842016E-6	1,18383732115035E-5	1,9131268345518E-5	2,91132582788123E-5	4,13757370552048E-5
6,46999979019165	1,79380741371915E-8	9,83732988402153E-8	3,10587637386561E-7	8,05419233529392E-7	1,86170143479103E-6	3,90165814678767E-6	7,11239454176393E-6	1,20814038382377E-5	1,95397042261902E-5	2,975506868097E-5	4,23210549342912E-5
6,63000011444092	1,82608115295579E-8	9,97255895640592E-8	3,14758608510601E-7	8,17374655071035E-7	1,89150034657359E-6	3,96713721784181E-6	7,24221945347381E-6	1,23149984574411E-5	1,99329169845441E-5	3,03752840409288E-5	4,32317647209857E-5
6,78999996185303	1,85892901072293E-8	1,01038189370684E-7	3,18911588692572E-7	8,28811380415573E-7	1,92025549949904E-6	4,03132025894593E-6	7,3695414357644E-6	1,25439901239588E-5	2,03192448680056E-5	3,09845527226571E-5	4,4129690650152E-5
6,95499992370605	1,88911606358033E-8	1,02449483563305E-7	3,22991581924725E-7	8,40596840134822E-7	1,94960784938303E-6	4,09639051213162E-6	7,49905893826508E-6	1,27770799736027E-5	2,07122357096523E-5	3,16079858748708E-5	4,50476654805243E-5
7,11499977111816	1,92330578130395E-8	1,03742010537644E-7	3,26909372461159E-7	8,51577738103515E-7	1,97711256078037E-6	4,15799786424031E-6	7,62064064474544E-6	1,29980471683666E-5	2,10850575967925E-5	3,21963561873417E-5	4,59179827885237E-5
7,28000020980835	1,95603462316285E-8	1,05076388479119E-7	3,30715124619019E-7	8,62635545217927E-7	2,00457907340024E-6	4,21855975218932E-6	7,7422546382877E-6	1,32188042698544E-5	2,14568808587501E-5	3,27197922160849E-5	4,67909812869038E-5
7,44000005722046	1,98590353051031E-8	1,06280545253412E-7	3,34321896389156E-7	8,73105022947129E-7	2,03060972125968E-6	4,27726581619936E-6	7,85973952588392E-6	1,34309511850006E-5	2,18140321521787E-5	3,32674790115561E-5	4,76310924568679E-5
7,59999990463257	2,01589536175106E-8	1,07490350842454E-7	3,37882283929503E-7	8,8326322611465E-7	2,05647506845708E-6	4,33440118285944E-6	7,97370375948958E-6	1,36394482979085E-5	2,21663103729952E-5	3,38138306688052E-5	4,84614829474594E-5
7,7649998664856		2,04940473480519E-8	1,08684709232421E-7	3,41480927090743E-7	8,93522326350649E-7	2,08247979571752E-6	4,39274936070433E-6	8,0906747825793E-6	1,38519453685149E-5	2,25265357585158E-5	3,43762294505723E-5	4,93124061904382E-5
7,92500019073486	2,0746353968093E-8	1,09823005800536E-7	3,44882181479989E-7	9,03233456028829E-7	2,10688062907138E-6	4,44724673798191E-6	8,20048353489256E-6	1,40533084049821E-5	2,2867025109008E-5	3,49124638887588E-5	4,99762682011351E-5
8,08500003814697	2,10868869032765E-8	1,11024888838074E-7	3,48146073747557E-7	9,12578570932965E-7	2,1307282622729E-6	4,50095876658452E-6	8,30813951324672E-6	1,42499156936537E-5	2,32003094424726E-5	3,54382900695782E-5	5,07621298311278E-5
8,25			2,13674624660598E-8	1,12117390926869E-7	3,5133740539095E-7	9,21856894819939E-7	2,15434579331486E-6	4,55382041764096E-6	8,41549626784399E-6	1,44460254887235E-5	2,35354509641184E-5	3,59695295628626E-5	5,1551018259488E-5
8,40999984741211	2,16658992968632E-8	1,13214291275199E-7	3,54426418880394E-7	9,30802912080253E-7	2,17653337131196E-6	4,60462251794524E-6	8,51898676046403E-6	1,46352886076784E-5	2,38581505982438E-5	3,64790212188382E-5	5,23126691405196E-5
8,56999969482422	2,19361879771895E-8	1,14271031748103E-7	3,57441507503609E-7	9,39443623337866E-7	2,19881235352659E-6	4,65457787868218E-6	8,62000888446346E-6	1,4822103366896E-5	2,41743000515271E-5	3,69804110960104E-5	5,30630932189524E-5
8,73499965667725	2,22303100372301E-8	1,15335055284049E-7	3,60519464948084E-7	9,48226499986049E-7	2,22114840653376E-6	4,70548184239306E-6	8,72307646204717E-6	1,50118976307567E-5	2,44980819843477E-5	3,74953306163661E-5	5,38320564373862E-5
8,89500045776367	2,25072920301272E-8	1,16351465351272E-7	3,63357031574196E-7	9,56476924329763E-7	2,24216842070746E-6	4,75235538033303E-6	8,81997220858466E-6	1,5189564692264E-5	2,48028445639648E-5	3,7978941691108E-5	5,45599941688124E-5
9,05500030517578	2,27897842819402E-8	1,17345493322318E-7	3,66141733820768E-7	9,64631340139022E-7	2,26253018809075E-6	4,79914160678163E-6	8,91482068254845E-6	1,53650362335611E-5	2,51032524829498E-5	3,8454556488432E-5	5,52790625079069E-5
9,22000026702881	2,30901715525533E-8	1,18354407163679E-7	3,68952811413692E-7	9,72627276496496E-7	2,28301723836921E-6	4,84585461890674E-6	9,01071143744048E-6	1,55416637426242E-5	2,54053484241012E-5	3,89354936487507E-5	5,60016633244231E-5
9,38000011444092	2,33350139211552E-8	1,19274417897941E-7	3,71603391613462E-7	9,80462914412783E-7	2,3026707367535E-6	4,89058993480285E-6	9,10158451006282E-6	1,5709725630586E-5	2,5693228963064E-5	3,93983500543982E-5	5,66969029023312E-5
9,53999996185303	2,36363657535321E-8	1,20191899100064E-7	3,74118400259249E-7	9,87796738627367E-7	2,32172988035018E-6	4,9341720114171E-6	9,19196645554621E-6	1,58754683070583E-5	2,59782191278646E-5	3,98541560571175E-5	5,73809120396618E-5
9,70499992370605	2,38872601698858E-8	1,21136480402129E-7	3,76751728481395E-7	9,95418417915062E-7	2,34124854614493E-6	4,97887003803044E-6	9,28272675082553E-6	1,60447289090371E-5	2,62700941675575E-5	4,03202648158185E-5	5,80861960770562E-5
9,86499977111816	2,41547279955512E-8	1,22055340057159E-7	3,79234677438944E-7	1,00252975698822E-6	2,35941638493387E-6	5,00409169035265E-6	9,36814922170015E-6	1,62053111125715E-5	2,654345917108E-5	4,07612133130897E-5	5,87501999689266E-5
10,0249996185303	2,44153302020322E-8	1,22894974197152E-7	3,8167740967765E-7	1,00939985259174E-6	2,37747053688508E-6	5,04292120240279E-6	9,4526121756644E-6	1,63626846187981E-5	2,68142193817766E-5	4,1192823118763E-5	5,94074008404277E-5
10,1899995803833	2,46943177018011E-8	1,23753864045284E-7	3,84035956813022E-7	1,0163089427806E-6	2,39527298617759E-6	5,08246967001469E-6	9,53631115407916E-6	1,65187921083998E-5	2,70847376668826E-5	4,16283874073997E-5	6,00663588556927E-5
10,3500003814697	2,49391742812577E-8	1,24599139894599E-7	3,86316571621137E-7	1,02293790860131E-6	2,412183675915E-6	5,12022597831674E-6	9,61755631578853E-6	1,66695826919749E-5	2,7344534828444E-5	4,20466822106391E-5	6,06990906817373E-5
10,5100002288818	2,51989380473105E-8	1,25435065001511E-7	3,88582009236416E-7	1,02948104085954E-6	2,42905343839084E-6	5,15746978635434E-6	9,69666689343285E-6	1,68177084560739E-5	2,76002811006038E-5	4,24604149884544E-5	6,13269075984135E-5
10,6750001907349	2,54241818709033E-8	1,26263770994228E-7	3,9088456560421E-7	1,03593970379734E-6	2,44565126195084E-6	5,19590366820921E-6	9,77752188191516E-6	1,69694121723296E-5	2,78625157079659E-5	4,28842249675654E-5	6,19706115685403E-5
10,835000038147		2,57166501427264E-8	1,27035008290477E-7	3,93168335222072E-7	1,04191883565363E-6	2,46158424488385E-6	5,23161224919022E-6	9,85443148238119E-6	1,71126284840284E-5	2,81102693406865E-5	4,32841370638926E-5	6,25787943135947E-5
10,9949998855591	2,59484647102681E-8	1,27829935081536E-7	3,9515836647297E-7	1,04797538824641E-6	2,47702678279893E-6	5,26671919942601E-6	9,92845525615849E-6	1,72527707036352E-5	2,83538101939484E-5	4,36760747106746E-5	6,31791626801714E-5
11,1599998474121	2,62152983765418E-8	1,28571400637156E-7	3,97325806034132E-7	1,05401261407678E-6	2,49258437179378E-6	5,3020362429379E-6	1,00030565590714E-5	1,73930693563307E-5	2,85972182609839E-5	4,40679432358593E-5	6,37793200439774E-5
11,3199996948242	2,64452886256095E-8	1,29324092768002E-7	3,99244811433164E-7	1,05973765585077E-6	2,50760194830946E-6	5,33592765350477E-6	1,00745155577897E-5	1,75279965333175E-5	2,8832317184424E-5	4,44482466264162E-5	6,43569073872641E-5
11,4799995422363	2,66724633490867E-8	1,3003695187308E-7	4,01136560412851E-7	1,0652807986844E-6	2,52221639129857E-6	5,36914240001352E-6	1,01447712950176E-5	1,76625053427415E-5	2,9060392989777E-5	4,48200080427341E-5	6,49296125629917E-5
11,6450004577637	2,69196593905008E-8	1,30791761421278E-7	4,03217740085893E-7	1,07106598079554E-6	2,53714983955433E-6	5,40345854460611E-6	1,02165167845669E-5	1,77978236024501E-5	2,92989825538825E-5	4,52039312222041E-5	6,55185867799446E-5
11,8050003051758	2,7168701066671E-8	1,31494388710962E-7	4,05049206619879E-7	1,07646258129535E-6	2,55128384196723E-6	5,4351839935407E-6	1,02842859632801E-5	1,79265371116344E-5	2,95217851089546E-5	4,5566866901936E-5	6,60759542370215E-5
11,9700002670288	2,73955826912697E-8	1,32198891833468E-7	4,06894599791485E-7	1,08203175841481E-6	2,56490102401585E-6	5,46689261682332E-6	1,03520696939086E-5	1,8053962776321E-5	2,97458900604397E-5	4,59287221019622E-5	6,66327323415317E-5
12,1300001144409	2,76753198136248E-8	1,32808494868186E-7	4,08778277005695E-7	1,08704603007936E-6	2,57799024439009E-6	5,49754531675717E-6	1,04175651358673E-5	1,81773448275635E-5	2,99603889288846E-5	4,62764910480473E-5	6,71733214403503E-5
12,289999961853		2,78979612744479E-8	1,33544247660211E-7	4,10518708804375E-7	1,09212135157577E-6	2,59085300058359E-6	5,52743267689948E-6	1,0480026503501E-5	1,82982239493867E-5	3,01707696053199E-5	4,6624532842543E-5	6,77025309414603E-5
12,4549999237061	2,812021548948E-8	1,34193172129926E-7	4,12322151532862E-7	1,09721224816894E-6	2,60404317486973E-6	5,55775750399334E-6	1,05460312624928E-5	1,84222863026662E-5	3,03869601339102E-5	4,69773731310852E-5	6,82483369018883E-5
12,6149997711182	2,83731687034106E-8	1,34849557298367E-7	4,14088020761483E-7	1,1019884595953E-6	2,61681088886689E-6	5,5868204071885E-6	1,06076140582445E-5	1,85394928848837E-5	3,05920548271388E-5	4,73134059575386E-5	6,8765897594858E-5
12,7749996185303	2,86158599038799E-8	1,35534364176237E-7	4,15815236465278E-7	1,10655992102693E-6	2,62889352597995E-6	5,61455863135052E-6	1,06668467196869E-5	1,86533161468105E-5	3,07928130496293E-5	4,76410605187994E-5	6,92753819748759E-5
12,9399995803833	2,88620132238293E-8	1,36123446736747E-7	4,17573460254062E-7	1,11133158497978E-6	2,64076152234338E-6	5,64267975278199E-6	1,07275209302315E-5	1,87667246791534E-5	3,09949973598123E-5	4,7970206651371E-5	6,97848299751058E-5
13,1000003814697	2,90645782996535E-8	1,36709545017766E-7	4,19184488009705E-7	1,11602457764093E-6	2,65286621470295E-6	5,66984135730308E-6	1,07849409687333E-5	1,88779667951167E-5	3,11877047352027E-5	4,82890318380669E-5	7,02820470905863E-5
13,2600002288818	2,93038002752155E-8	1,37291280566387E-7	4,20878905060817E-7	1,1203788972125E-6	2,66437291429611E-6	5,69661233384977E-6	1,08417170849862E-5	1,89859511010582E-5	3,13795244437642E-5	4,86019780510105E-5	7,07695508026518E-5
13,4250001907349	2,95241875392094E-8	1,3791934350138E-7	4,22517757669993E-7	1,12477368929831E-6	2,67590917246707E-6	5,72427461520419E-6	1,09007551145623E-5	1,90976134035736E-5	3,15758443321101E-5	4,89249905513134E-5	7,12722758180462E-5
13,585000038147		2,97837345897278E-8	1,38508724489839E-7	4,24062733372921E-7	1,12897089366015E-6	2,68706503447902E-6	5,74962405153201E-6	1,0956247933791E-5	1,92027946468443E-5	3,17608355544508E-5	4,9227168346988E-5	7,17402799637057E-5
13,7449998855591	3,00058076163623E-8	1,39046832714484E-7	4,25683992943959E-7	1,13298540327378E-6	2,69761926574574E-6	5,77448963667848E-6	1,1008915862476E-5	1,93062314792769E-5	3,19406208291184E-5	4,95274980494287E-5	7,22092445357703E-5
13,9099998474121	3,02155989118091E-8	1,39686775924019E-7	4,27353654686158E-7	1,13711769245128E-6	2,70814780378714E-6	5,79951893087127E-6	1,10630126073374E-5	1,94099084183108E-5	3,21226907544769E-5	4,98289336974267E-5	7,26856160326861E-5
14,0699996948242	3,04422869135124E-8	1,40254570624165E-7	4,28810693620107E-7	1,14092449621239E-6	2,71855196842807E-6	5,82372831559042E-6	1,11139961518347E-5	1,95093416550662E-5	3,22984597005416E-5	5,00502064824104E-5	7,3135961429216E-5
14,2299995422363	3,06710674635724E-8	1,40821654781575E-7	4,302256684241E-7	1,14482975277497E-6	2,72855504590552E-6	5,84743747822358E-6	1,11647195808473E-5	1,96068649529479E-5	3,247104541515E-5	5,03249393659644E-5	7,35813518986106E-5
14,3950004577637	3,08878789212486E-8	1,41356025551431E-7	4,31800145861416E-7	1,14885779112228E-6	2,73865430244769E-6	5,87129352425109E-6	1,12165917016682E-5	1,97060489881551E-5	3,26471526932437E-5	5,06121141370386E-5	7,4039853643626E-5
14,5550003051758	3,11189154444946E-8	1,41896691729926E-7	4,33214182748998E-7	1,15243994969205E-6	2,74833678304276E-6	5,89312230658834E-6	1,12654061013018E-5	1,98006528080441E-5	3,28152673318982E-5	5,08836928929668E-5	7,44723802199587E-5
14,7150001525879	3,13192813905516E-8	1,42410613079846E-7	4,34712802643844E-7	1,15598390948435E-6	2,75759771284356E-6	5,91519483350567E-6	1,13134046841878E-5	1,98941379494499E-5	3,29767644871026E-5	5,1150349463569E-5	7,49060418456793E-5
14,8800001144409	3,15364054870315E-8	1,42940649539014E-7	4,36001528214547E-7	1,15947352696821E-6	2,7669925657392E-6	5,93780168856028E-6	1,13610321932356E-5	1,99870264623314E-5	3,31424998876173E-5	5,14178136654664E-5	7,53372223698534E-5
15,039999961853		3,17427328866415E-8	1,43407888231195E-7	4,37358892213524E-7	1,16318483378564E-6	2,77626122624497E-6	5,95934079683502E-6	1,14077856778749E-5	2,00762169697555E-5	3,33031275658868E-5	5,16789295943454E-5	7,57517118472606E-5
15,1999998092651	3,19622550648546E-8	1,43872057378758E-7	4,38717677297973E-7	1,16659123250429E-6	2,78557604360685E-6	5,9799499467772E-6	1,14531421786523E-5	2,01633229153231E-5	3,34603791998234E-5	5,19381464982871E-5	7,61601986596361E-5
15,3649997711182	3,21709308082063E-8	1,44446630656603E-7	4,40143026025908E-7	1,17000024602021E-6	2,79456980933901E-6	6,00092016611598E-6	1,14993872557534E-5	2,02536029973999E-5	3,36177945428062E-5	5,22025366080925E-5	7,65801160014234E-5
15,5249996185303	3,24029372222867E-8	1,44983005156973E-7	4,41401738271452E-7	1,17317654257931E-6	2,80314725387143E-6	6,02134423388634E-6	1,15431494123186E-5	2,03366580535658E-5	3,37684687110595E-5	5,24539427715354E-5	7,69802354625426E-5
15,6850004196167	3,26346381029907E-8	1,45460433031985E-7	4,42692368096687E-7	1,17640536245744E-6	2,81149141301285E-6	6,04079696131521E-6	1,15854190880782E-5	2,04201078304322E-5	3,3917065593414E-5	5,26999210705981E-5	7,73703868617304E-5
15,8500003814697	3,28474989430561E-8	1,45927458561346E-7	4,43982912656793E-7	1,17970967039582E-6	2,81981806438125E-6	6,06028334004804E-6	1,16273267849465E-5	2,05028554773889E-5	3,40664482791908E-5	5,29456083313562E-5	7,77697496232577E-5
16,0100002288818	3,30452429864181E-8	1,46407899137557E-7	4,45196718601437E-7	1,18281275263143E-6	2,82802147921757E-6	6,07978608968551E-6	1,16684404929401E-5	2,0582891011145E-5	3,42094535881188E-5	5,31813348061405E-5	7,81535636633635E-5
16,1749992370605	3,32510765588268E-8	1,46894151953347E-7	4,46433432443882E-7	1,18590537567798E-6	2,83620306618104E-6	6,09892276770552E-6	1,17111894724076E-5	2,06651457119733E-5	3,4354867239017E-5	5,34273531229701E-5	7,85525480750948E-5
16,3349990844727	3,34499326015703E-8	1,47326105093271E-7	4,47595311925397E-7	1,18900845791359E-6	2,84369912151305E-6	6,11730274613365E-6	1,17506406240864E-5	2,07431912713218E-5	3,44959153153468E-5	5,3661653510062E-5	7,89184050518088E-5
16,4950008392334	3,36614114360145E-8	1,47785129911426E-7	4,48777342398898E-7	1,19188246117119E-6	2,85109535980155E-6	6,13492193224374E-6	1,17889867397025E-5	2,08192814170616E-5	3,46321030519903E-5	5,38856038474478E-5	7,92846840340644E-5
16,6599998474121	3,38732561999677E-8	1,48230967056406E-7	4,5011802285444E-7	1,19481774163432E-6	2,85876740235835E-6	6,15283079241635E-6	1,18277112051146E-5	2,08955225389218E-5	3,47701788996346E-5	5,41167100891471E-5	7,96564345364459E-5
16,8199996948242	3,4085818612084E-8	1,48712416603303E-7	4,51300763870677E-7	1,19765934414318E-6	2,86601380139473E-6	6,16993611401995E-6	1,18665948320995E-5	2,09685440495377E-5	3,49000074493233E-5	5,43392343388405E-5	8,00109846750274E-5
16,9799995422363	3,42748407433646E-8	1,49168087659746E-7	4,52433312148059E-7	1,20065556075133E-6	2,87312241198379E-6	6,1864279814472E-6	1,1902454389201E-5	2,10417238122318E-5	3,50291120412294E-5	5,45573893759865E-5	8,03631410235539E-5
17,1450004577637	3,4485466926526E-8	1,49635070556542E-7	4,53495772489987E-7	1,20336085274175E-6	2,88012643068214E-6	6,20363834968884E-6	1,19403630378656E-5	2,11163714993745E-5	3,51623457390815E-5	5,47784839000087E-5	8,07238320703618E-5
17,3050003051758	3,4708175888909E-8	1,500737596416E-7	4,54522563586579E-7	1,2060677363479E-6	2,88722822006093E-6	6,21995741312276E-6	1,19761134556029E-5	2,11855222005397E-5	3,52900242432952E-5	5,49941614735872E-5	8,10656056273729E-5
17,4650001525879	3,49039090963288E-8	1,50490521377833E-7	4,55618049954865E-7	1,20877268727781E-6	2,89429885924619E-6	6,23555706624757E-6	1,20119902931037E-5	2,12534851016244E-5	3,54116418748163E-5	5,52016390429344E-5	8,14031809568405E-5
17,6299991607666	3,5109703588887E-8	1,50940891785467E-7	4,56710836260754E-7	1,21149639653595E-6	2,90095908894727E-6	6,25108532403829E-6	1,20450185931986E-5	2,13212679227581E-5	3,55372903868556E-5	5,54100406588987E-5	8,17440741229802E-5
17,7900009155273	3,53247351370101E-8	1,51340756815443E-7	4,57657478136753E-7	1,21408606901241E-6	2,90719708573306E-6	6,26670225756243E-6	1,20792892630561E-5	2,13888506550575E-5	3,56570926669519E-5	5,5614367738599E-5	8,20711793494411E-5
17,9500007629395	3,55082647729432E-8	1,51783851265463E-7	4,58800968772266E-7	1,21640982797544E-6	2,91403512164834E-6	6,2820495259075E-6	1,21119610412279E-5	2,14542596950196E-5	3,57734570570756E-5	5,58128085685894E-5	8,24032831587829E-5
18,1149997711182	3,57230263148267E-8	1,52204563619307E-7	4,5984012331246E-7	1,21895527627203E-6	2,92049048766785E-6	6,2974436332297E-6	1,21473412946216E-5	2,15202671824954E-5	3,58942270395346E-5	5,60197004233487E-5	8,27356052468531E-5
18,2749996185303	3,58963703206427E-8	1,52609104020485E-7	4,60817346947806E-7	1,22137578273396E-6	2,92681238533987E-6	6,31160492048366E-6	1,21787252282957E-5	2,15842028410407E-5	3,60082740371581E-5	5,62117493245751E-5	8,30478311399929E-5
18,4349994659424	3,61257512793145E-8	1,5296710387247E-7	4,61823276509676E-7	1,22404730973358E-6	2,93277184937324E-6	6,32582487014588E-6	1,22099208965665E-5	2,16470016312087E-5	3,61209713446442E-5	5,64031688554678E-5	8,33663580124266E-5
18,6000003814697	3,63148302540139E-8	1,53388029389134E-7	4,62894377051271E-7	1,22652886602737E-6	2,93870675704966E-6	6,34032267043949E-6	1,22413093777141E-5	2,17084198084194E-5	3,62346763722599E-5	5,65984155400656E-5	8,36753533803858E-5
18,7600002288818	3,65234420485194E-8	1,53831138050009E-7	4,63912357417939E-7	1,22880180697393E-6	2,94495748676127E-6	6,35424066786072E-6	1,22714072858798E-5	2,17693886952475E-5	3,63428043783642E-5	5,67788265470881E-5	8,39759813970886E-5
18,9200000762939	3,67205643669877E-8	1,54187205225753E-7	4,64856526605217E-7	1,23138715935056E-6	2,95013524009846E-6	6,36763616057578E-6	1,23011768664583E-5	2,18277982639847E-5	3,64492916560266E-5	5,69600306334905E-5	8,42747540445998E-5
19,0849990844727	3,691635797054E-8	1,54567970866992E-7	4,65850689579383E-7	1,23371648896864E-6	2,95587756227178E-6	6,38109077044646E-6	1,23323934531072E-5	2,18887125811307E-5	3,65586747648194E-5	5,71485943510197E-5	8,45791219035164E-5
19,2450008392334	3,71279966770999E-8	1,54975225541421E-7	4,66721502334622E-7	1,23610072932934E-6	2,96179700853827E-6	6,39406198388315E-6	1,23618438010453E-5	2,19448393181665E-5	3,66647400369402E-5	5,73248835280538E-5	8,48696508910507E-5
19,4050006866455	3,72923096847444E-8	1,55389471956369E-7	4,67673487491993E-7	1,23821803299506E-6	2,96700659419002E-6	6,40724374534329E-6	1,23891277326038E-5	2,20005913433852E-5	3,67663051292766E-5	5,74985242565162E-5	8,51575387059711E-5
19,5699996948242	3,75008291086942E-8	1,55769228626923E-7	4,68634738126639E-7	1,24050689009891E-6	2,97253927783458E-6	6,41976021142909E-6	1,24169291666476E-5	2,20570800593123E-5	3,68679320672527E-5	5,76751517655794E-5	8,54474928928539E-5
19,7299995422363	3,77197366674409E-8	1,5615260906543E-7	4,69539941150288E-7	1,24282985325408E-6	2,97736755783262E-6	6,43170142211602E-6	1,24444404718815E-5	2,21126792894211E-5	3,69673543900717E-5	5,78461840632372E-5	8,57273043948226E-5
19,8899993896484	3,78924127630853E-8	1,56485114644056E-7	4,70348226144779E-7	1,24510813748202E-6	2,98256645692163E-6	6,44388137516216E-6	1,24716698337579E-5	2,21650589082856E-5	3,70637862943113E-5	5,8013141824631E-5	8,60057771205902E-5
20,0550003051758	3,8072297314784E-8	1,56920435756547E-7	4,72069416446175E-7	1,24734117434855E-6	2,98779104923597E-6	6,45681075184257E-6	1,24984535432304E-5	2,221902468591E-5	3,71615678886883E-5	5,81834210606758E-5	8,62861852510832E-5
20,2150001525879	3,82799534293099E-8	1,57288667423927E-7	4,72836887865924E-7	1,24954419788992E-6	2,99302314488159E-6	6,46853686703253E-6	1,25235710584093E-5	2,22712042159401E-5	3,72556532965973E-5	5,83495384489652E-5	8,65551191964187E-5
20,375			3,84686522636457E-8	1,5765054683925E-7	4,73524778499268E-7	1,25172334719537E-6	2,99787802759965E-6	6,47988463242655E-6	1,2549808161566E-5	2,23219158215215E-5	3,7349480408011E-5	5,85069974476937E-5	8,68216520757414E-5
20,5400009155273	3,8669590196605E-8	1,58019517471075E-7	4,74297138453039E-7	1,25370763726096E-6	3,0028154469619E-6	6,4914802351268E-6	1,25760270748287E-5	2,23721981456038E-5	3,74420087609906E-5	5,86670175835025E-5	8,7091131717898E-5
20,7000007629395	3,88586940403002E-8	1,58416526119254E-7	4,75155019330487E-7	1,25578628740186E-6	3,00748820336594E-6	6,50266792945331E-6	1,25993155961623E-5	2,24218911171192E-5	3,7532012356678E-5	5,88198927289341E-5	8,7345099018421E-5
20,8649997711182	3,90629182334123E-8	1,58772820668673E-7	4,75882075079426E-7	1,25777478388045E-6	3,01267027680296E-6	6,51444042887306E-6	1,26251397887245E-5	2,24715040531009E-5	3,76253847207408E-5	5,89813462283928E-5	8,76105768838897E-5
21,0249996185303	3,92496488643701E-8	1,59129811549974E-7	4,76593157827665E-7	1,25990720789559E-6	3,01707746075408E-6	6,52490462016431E-6	1,26495424410678E-5	2,25200274144299E-5	3,77121577912476E-5	5,91335083299782E-5	8,78615246620029E-5
21,1849994659424	3,9444429944524E-8	1,5942940478908E-7	4,77377909646748E-7	1,26183226711873E-6	3,02136822938337E-6	6,53527240501717E-6	1,26728600662318E-5	2,25671592488652E-5	3,77974138245918E-5	5,92824726481922E-5	8,81089727045037E-5
21,3500003814697	3,96197705754275E-8	1,59849122383093E-7	4,78170875339856E-7	1,26359202567983E-6	3,02617854686105E-6	6,54609857519972E-6	1,26970198834897E-5	2,26142401515972E-5	3,7884215998929E-5	5,94343400734942E-5	8,83592074387707E-5
21,5100002288818	3,9827309450402E-8	1,60220167799707E-7	4,78944457427133E-7	1,26567817915202E-6	3,0302473987831E-6	6,55617168376921E-6	1,27198491099989E-5	2,26596348511521E-5	3,79684242943767E-5	5,95764977333602E-5	8,859891386237E-5
21,6700000762939	4,00299633440682E-8	1,6053337503763E-7	4,79730772440234E-7	1,26750012441335E-6	3,03482647723285E-6	6,56629572404199E-6	1,27413959489786E-5	2,27026084758108E-5	3,80508863599971E-5	5,97167636442464E-5	8,88415816007182E-5
21,8349990844727	4,02105619912163E-8	1,60868125931302E-7	4,80556479942607E-7	1,26963925595192E-6	3,03911269838864E-6	6,57612918075756E-6	1,27641496874276E-5	2,27494620048674E-5	3,81354220735375E-5	5,98644292040262E-5	8,90783121576533E-5
21,9950008392334	4,03985715990984E-8	1,61259706032979E-7	4,81259121443145E-7	1,27152190998459E-6	3,04309833154548E-6	6,58518865748192E-6	1,27864714158932E-5	2,27910222747596E-5	3,82134385290556E-5	6,00049061176833E-5	8,93125688889995E-5
22,1550006866455	4,05963369587425E-8	1,61634716278058E-7	4,82106543131522E-7	1,27358237023145E-6	3,04742502521549E-6	6,59490842735977E-6	1,28072779261856E-5	2,28332519327523E-5	3,8291109376587E-5	6,01383180764969E-5	8,95461926120333E-5
22,3199996948242	4,07844851224581E-8	1,61953096267098E-7	4,82704706428194E-7	1,27525424886699E-6	3,05210232909303E-6	6,60501109450706E-6	1,28280216813437E-5	2,28752942348365E-5	3,83709957532119E-5	6,02769869146869E-5	8,97753561730497E-5
22,4799995422363	4,09552143310066E-8	1,62247204116284E-7	4,835446816287E-7	1,27700980101508E-6	3,05588628179976E-6	6,61454168948694E-6	1,2848117876274E-5	2,29175384447444E-5	3,84485501854215E-5	6,04103224759456E-5	8,9992958237417E-5
22,6399993896484	4,11315852488769E-8	1,62538228209996E-7	4,84189968119608E-7	1,27878763578337E-6	3,05994763039052E-6	6,62316824673326E-6	1,2868306839664E-5	2,29581601161044E-5	3,85221683245618E-5	6,05412096774671E-5	9,02132596820593E-5
22,8050003051758	4,13128624643377E-8	1,62936274250569E-7	4,8498725391255E-7	1,28076317196246E-6	3,06418928630592E-6	6,63187483951333E-6	1,2889075151179E-5	2,30006498895818E-5	3,85981802537572E-5	6,06753856118303E-5	9,04391054064035E-5
22,9650001525879	4,1505781922524E-8	1,63256302698755E-7	4,8572024979876E-7	1,2826891406803E-6	3,06782703773933E-6	6,6411694206181E-6	1,29085783555638E-5	2,30386613111477E-5	3,86720494134352E-5	6,08012742304709E-5	9,06564673641697E-5
23,125			4,16788701329551E-8	1,6359663845833E-7	4,86335125060577E-7	1,28431588564126E-6	3,0715430057171E-6	6,64987601339817E-6	1,29273703350918E-5	2,30773566727294E-5	3,87431282433681E-5	6,09283051744569E-5	9,0871297288686E-5
23,2900009155273	4,18693595349851E-8	1,63936277886023E-7	4,87021566186741E-7	1,28596093418309E-6	3,07560549117625E-6	6,65871220917325E-6	1,29465906866244E-5	2,31153371714754E-5	3,88153639505617E-5	6,10550778219476E-5	9,10812159418128E-5
23,4500007629395	4,20596641959037E-8	1,64291520832194E-7	4,87732279452757E-7	1,28764702367334E-6	3,07957293443906E-6	6,66712458041729E-6	1,2965051610081E-5	2,31523572438164E-5	3,8883816159796E-5	6,11786526860669E-5	9,12870964384638E-5
23,6100006103516	4,2261994792625E-8	1,64638294108954E-7	4,88396324271889E-7	1,28954218325816E-6	3,08297649098677E-6	6,67581389279803E-6	1,29830150399357E-5	2,31905723921955E-5	3,8951009628363E-5	6,12987860222347E-5	9,14924748940393E-5
23,7749996185303	4,24402486487452E-8	1,65026875720287E-7	4,89179740270629E-7	1,29133434256801E-6	3,08674657389929E-6	6,68441089146654E-6	1,30019834614359E-5	2,32284637604607E-5	3,90213499485981E-5	6,14204327575862E-5	9,1709996922873E-5
23,9349994659424	4,26249471274787E-8	1,65280795272338E-7	4,89932347136346E-7	1,29285194816475E-6	3,0904723189451E-6	6,69241489958949E-6	1,30203088701819E-5	2,32645961659728E-5	3,90889508707915E-5	6,15355675108731E-5	9,19017111300491E-5
24,0949993133545	4,28089812487542E-8	1,6560804283472E-7	4,90559614263475E-7	1,29453974295757E-6	3,09374104290328E-6	6,69996052238275E-6	1,30377256937209E-5	2,33002756431233E-5	3,9154379919637E-5	6,16534671280533E-5	9,20962484087795E-5
24,2600002288818	4,29878639351955E-8	1,65896494763729E-7	4,91224909637822E-7	1,29624481814972E-6	3,09754364025139E-6	6,70853614792577E-6	1,30547550725169E-5	2,33332884818083E-5	3,92189649573993E-5	6,17706173215993E-5	9,22951439861208E-5
24,4200000762939	4,31642988019121E-8	1,66249407129726E-7	4,91864341256587E-7	1,29784189084603E-6	3,10100563183369E-6	6,71580392008764E-6	1,30720245579141E-5	2,3368522306555E-5	3,92801921407226E-5	6,18849880993366E-5	9,24868581932969E-5
24,5799999237061	4,33491429419064E-8	1,66550904623364E-7	4,92598474011174E-7	1,29944260152115E-6	3,1043998660607E-6	6,72349233354907E-6	1,30883690871997E-5	2,34032795560779E-5	3,93427108065225E-5	6,19995771558024E-5	9,26753418752924E-5
24,7450008392334	4,35364846396169E-8	1,66906048093551E-7	4,93218863084621E-7	1,30104842810397E-6	3,10755763166526E-6	6,73067188472487E-6	1,31065053210477E-5	2,34384533541743E-5	3,9406048017554E-5	6,21148719801567E-5	9,28766385186464E-5
24,9050006866455	4,37152216647974E-8	1,67270883366655E-7	4,93809636736842E-7	1,30255750718788E-6	3,11111580231227E-6	6,73802787787281E-6	1,31221049741725E-5	2,34702929446939E-5	3,94671951653436E-5	6,22195366304368E-5	9,30546084418893E-5
25,0650005340576	4,38970815253015E-8	1,67571513998155E-7	4,94486755542312E-7	1,30407966025814E-6	3,11432017952029E-6	6,7455148382578E-6	1,3138516806066E-5	2,35026691370877E-5	3,95275383198168E-5	6,23324376647361E-5	9,32398543227464E-5
25,2299995422363	4,40919940558615E-8	1,67881992751973E-7	4,95130620947748E-7	1,30572880152613E-6	3,11807025354938E-6	6,75258070259588E-6	1,31542637973325E-5	2,35335628531175E-5	3,95865099562798E-5	6,24309250270016E-5	9,34224517550319E-5
25,3899993896484	4,43002328154307E-8	1,68168341474484E-7	4,95760446028726E-7	1,30693467781384E-6	3,12137535729562E-6	6,76034915159107E-6	1,31688875626423E-5	2,35663937928621E-5	3,96449649997521E-5	6,25385728199035E-5	9,35988646233454E-5
25,5550003051758	4,44757262130224E-8	1,68425373203718E-7	4,96425911933329E-7	1,30859723412868E-6	3,12468182528391E-6	6,76740273775067E-6	1,31853039420093E-5	2,35984352912055E-5	3,9703787479084E-5	6,2643906858284E-5	9,37859513214789E-5
25,7150001525879	4,46523920061281E-8	1,68740513117882E-7	4,9715390559868E-7	1,3100794831189E-6	3,12785800815618E-6	6,77374919177964E-6	1,32001378005953E-5	2,36284067796078E-5	3,97618678107392E-5	6,27424306003377E-5	9,39527017180808E-5
25,875			4,4841787172345E-8	1,69094136026615E-7	4,97723419812246E-7	1,31198942199262E-6	3,13088753500779E-6	6,78105925544514E-6	1,32152754304116E-5	2,36587766266894E-5	3,98183801735286E-5	6,2843864725437E-5	9,41277685342357E-5
26,0400009155273	4,50199237889137E-8	1,69457663901085E-7	4,98375584356836E-7	1,3132090543877E-6	3,13452619593591E-6	6,78720380165032E-6	1,32299828692339E-5	2,368844798184E-5	3,98760967073031E-5	6,29439455224201E-5	9,43006089073606E-5
26,2000007629395	4,52022703711918E-8	1,69721374732035E-7	4,98925373904058E-7	1,31491663069028E-6	3,13728287437698E-6	6,79392496749642E-6	1,32449695229298E-5	2,37199365074048E-5	3,99302516598254E-5	6,30425929557532E-5	9,44693820201792E-5
26,3600006103516	4,53691910706766E-8	1,70067110616401E-7	4,99629720707162E-7	1,31621800392168E-6	3,14052772409923E-6	6,80025959809427E-6	1,32603336169268E-5	2,3748578314553E-5	3,99834862037096E-5	6,31355360383168E-5	9,46344807744026E-5
26,5249996185303	4,5572317475262E-8	1,70423518852658E-7	5,02000716551265E-7	1,31798947222705E-6	3,14385147248686E-6	6,80726179780322E-6	1,3275209312269E-5	2,37777549045859E-5	4,00362187065184E-5	6,3234860135708E-5	9,48072411119938E-5
26,6849994659424	4,57493811722998E-8	1,70700189983108E-7	5,02505884014681E-7	1,31926185531484E-6	3,14684962177125E-6	6,81328492646571E-6	1,32886398205301E-5	2,38056836678879E-5	4,00889257434756E-5	6,33281306363642E-5	9,49710520217195E-5
26,8449993133545	4,59176199285594E-8	1,71022108474972E-7	5,03147703057039E-7	1,32080162984494E-6	3,150219527015E-6	6,81919846101664E-6	1,33028725031181E-5	2,3831886210246E-5	4,01390752813313E-5	6,34181633358821E-5	9,51239271671511E-5
27,0100002288818	4,60802205282107E-8	1,71339351595634E-7	5,03613250657509E-7	1,3222834240878E-6	3,15374290948967E-6	6,82577228872105E-6	1,33166595333023E-5	2,38597767747706E-5	4,01886863983236E-5	6,35126561974175E-5	9,52812188188545E-5
27,1700000762939	4,6262222497262E-8	1,71604710885731E-7	5,04046909099998E-7	1,32361208216025E-6	3,156584170938E-6	6,83224561726092E-6	1,33296471176436E-5	2,38869961322052E-5	4,02362384193111E-5	6,36011391179636E-5	9,54398128669709E-5
27,3299999237061	4,64382772236149E-8	1,71888487443539E-7	5,0465507683839E-7	1,3249310768515E-6	3,15924080496188E-6	6,83809594193008E-6	1,33422190629062E-5	2,39134478761116E-5	4,02890982513782E-5	6,36889089946635E-5	9,5593226433266E-5
27,4950008392334	4,66224463480103E-8	1,72219159821907E-7	5,05381478888012E-7	1,32642628614121E-6	3,16242562803382E-6	6,84409360474092E-6	1,3355866940401E-5	2,3939624952618E-5	4,03402591473423E-5	6,37736447970383E-5	9,5750940090511E-5
27,6550006866455	4,6785451957021E-8	1,72467309766944E-7	5,05918137605477E-7	1,32768968796881E-6	3,16533328259538E-6	6,849855708424E-6	1,3367248357099E-5	2,39653691096464E-5	4,0387825720245E-5	6,3863888499327E-5	9,59019234869629E-5
27,8150005340576	4,69677345904529E-8	1,72762611327926E-7	5,0644388238652E-7	1,32920672513137E-6	3,16828482027631E-6	6,85584063830902E-6	1,33794246721664E-5	2,3990109184524E-5	4,04347447329201E-5	6,39472855255008E-5	9,60471952566877E-5
27,9799995422363	4,71546250935262E-8	1,73136186276679E-7	5,07032325458567E-7	1,33068556351645E-6	3,17150193041016E-6	6,86205703459564E-6	1,33930134325055E-5	2,40148856391897E-5	4,04808888561092E-5	6,40325306449085E-5	9,61920886766165E-5
28,1399993896484	4,73311168036616E-8	1,73459582697433E-7	5,07469735566701E-7	1,33197011109587E-6	3,17416424877592E-6	6,867705451441E-6	1,34051224449649E-5	2,40405497606844E-5	4,05264581786469E-5	6,41161750536412E-5	9,63338170549832E-5
28,2999992370605	4,75172647895761E-8	1,73728366803516E-7	5,08050959524553E-7	1,33331298002304E-6	3,17665649163246E-6	6,87318606651388E-6	1,34176561914501E-5	2,40654080698732E-5	4,05704595323186E-5	6,42006634734571E-5	9,64783321251161E-5
28,4650001525879	4,77137902521463E-8	1,7404103402896E-7	5,08673451804498E-7	1,33457774609269E-6	3,18012416755664E-6	6,87877991367714E-6	1,34300389618147E-5	2,40908921114169E-5	4,06175058742519E-5	6,42819140921347E-5	9,66253646765836E-5
28,625			4,78733923614527E-8	1,74343128378496E-7	5,09185326791339E-7	1,33590560835728E-6	3,18229740514653E-6	6,88521504343953E-6	1,34411129693035E-5	2,41150846704841E-5	4,06596700486261E-5	6,43654784653336E-5	9,67581145232543E-5
28,7849998474121	4,80663793211988E-8	1,74577650113861E-7	5,09592041453288E-7	1,33742310026719E-6	3,18510001307004E-6	6,89055650582304E-6	1,34528982016491E-5	2,4137905711541E-5	4,07040497520939E-5	6,44433239358477E-5	9,68983731581829E-5
28,9500007629395	4,82480189134549E-8	1,74882856640579E-7	5,10163602029934E-7	1,33870128138369E-6	3,1882605071587E-6	6,8966928665759E-6	1,34651418193243E-5	2,41598772845464E-5	4,07471743528731E-5	6,45194086246192E-5	9,7038981039077E-5
29,1100006103516	4,84205173734154E-8	1,75175017602669E-7	5,1086936991851E-7	1,34023764530866E-6	3,19076116284123E-6	6,90160550220753E-6	1,34777046696399E-5	2,41831439780071E-5	4,07903316954616E-5	6,45954060018994E-5	9,71728150034323E-5
29,2700004577637	4,86090030449304E-8	1,75415323155903E-7	5,11373229983292E-7	1,34132619677985E-6	3,19324612974015E-6	6,90709021000657E-6	1,34887877720757E-5	2,42067035287619E-5	4,08316373068374E-5	6,46698463242501E-5	9,73094647633843E-5
29,4349994659424	4,87991727027293E-8	1,75743650743243E-7	5,11899429511686E-7	1,3425252518573E-6	3,19581454277795E-6	6,91241893946426E-6	1,3501153262041E-5	2,42273581534391E-5	4,08757841796614E-5	6,47518099867739E-5	9,74428839981556E-5
29,5949993133545	4,89502554046339E-8	1,76048118305516E-7	5,12543749664474E-7	1,34390700168296E-6	3,19877949550573E-6	6,91744935465977E-6	1,35110958581208E-5	2,42491641984088E-5	4,09149106417317E-5	6,48244458716363E-5	9,75685979938135E-5
29,7549991607666	4,91431393356834E-8	1,76287983322254E-7	5,13000941282371E-7	1,34514891669824E-6	3,20126173392055E-6	6,92264393364894E-6	1,35221280288533E-5	2,42716796492459E-5	4,09549356845673E-5	6,48986315354705E-5	9,7700503829401E-5
29,9200000762939	4,9307860905401E-8	1,76611337110444E-7	5,13526686063415E-7	1,34668039208918E-6	3,20376693707658E-6	6,92806952429237E-6	1,35329701151932E-5	2,42935857386328E-5	4,0995921153808E-5	6,49692883598618E-5	9,78288298938423E-5
30,0799999237061	4,94877028245355E-8	1,76963212084047E-7	5,14236660364986E-7	1,3478769460562E-6	3,20654930874298E-6	6,9334441832325E-6	1,35448563014506E-5	2,43163467530394E-5	4,10374232160393E-5	6,50410438538529E-5	9,79542601271532E-5
30,2450008392334	4,96888326040335E-8	1,77248537625019E-7	5,14792247940932E-7	1,34928382067301E-6	3,2092045785248E-6	6,93899210091331E-6	1,35539748953306E-5	2,43374270212371E-5	4,10745451517869E-5	6,51125374133699E-5	9,80790573521517E-5
30,4050006866455	4,98580590146958E-8	1,77471790152595E-7	5,15342833296017E-7	1,35049810978671E-6	3,21175798490003E-6	6,94399295753101E-6	1,35646887429175E-5	2,43573067564284E-5	4,11140972573776E-5	6,51833688607439E-5	9,82036435743794E-5
30,5650005340576	5,05474844203491E-8	1,77759972075364E-7	5,15932072175929E-7	1,35147729452001E-6	3,2143425414688E-6	6,94915797794238E-6	1,35752952701296E-5	2,43785525526619E-5	4,11515684390906E-5	6,52537346468307E-5	9,83211721177213E-5
30,7299995422363	5,07108453007277E-8	1,78035477915728E-7	5,16484305990161E-7	1,35298046188836E-6	3,21666425406875E-6	6,9544280449918E-6	1,3586705790658E-5	2,43995909841033E-5	4,1189221519744E-5	6,53257739031687E-5	9,84445432550274E-5
30,8899993896484	5,08618782646408E-8	1,78281268858882E-7	5,17248906817258E-7	1,35430661885039E-6	3,21914694723091E-6	6,95880635248614E-6	1,35963082357193E-5	2,44186812778935E-5	4,1226336179534E-5	6,53932875138707E-5	9,85599690466188E-5
31,0499992370605	5,10477349280336E-8	1,7856402223515E-7	5,17734292770911E-7	1,35537140977249E-6	3,22166988553363E-6	6,96346660333802E-6	1,36059525175369E-5	2,44378934439737E-5	4,12661938753445E-5	6,54598261462525E-5	9,86678205663338E-5
31,2150001525879	5,12223259363509E-8	1,78882416435044E-7	5,18175966135459E-7	1,35662367028999E-6	3,22410414810292E-6	6,96811002853792E-6	1,36165390358656E-5	2,44574930547969E-5	4,13026973546948E-5	6,55258991173469E-5	9,8792661447078E-5
31,375			5,13920355160735E-8	1,79218559992478E-7	5,18737863330898E-7	1,35798211431393E-6	3,22681717079831E-6	6,97313589625992E-6	1,36260860017501E-5	2,44794064201415E-5	4,13382003898732E-5	6,55901749269105E-5	9,89083418971859E-5
31,5349998474121	5,15496729747156E-8	1,79431680180642E-7	5,19245475061325E-7	1,35904122089414E-6	3,22867458635301E-6	6,97783798386808E-6	1,36370299514965E-5	2,44964357989375E-5	4,13714114984032E-5	6,56543561490253E-5	9,90232219919562E-5
31,7000007629395	5,17160607671485E-8	1,79782446707577E-7	5,19690900091518E-7	1,36037829179259E-6	3,23123776979628E-6	6,98223357176175E-6	1,36461567308288E-5	2,45175251620822E-5	4,1405171941733E-5	6,57155105727725E-5	9,91332562989555E-5
31,8600006103516	5,19293017475775E-8	1,80044366970833E-7	5,20296964623412E-7	1,36177879994648E-6	3,2340171856049E-6	6,98717531122384E-6	1,36552125695744E-5	2,45334103965433E-5	4,14431378885638E-5	6,57780619803816E-5	9,92486893665046E-5
32,0200004577637	5,20845837570505E-8	1,8024161363428E-7	5,20842036166869E-7	1,36296398522973E-6	3,23610447594547E-6	6,99218071531504E-6	1,36652097353362E-5	2,45531573455082E-5	4,14763926528394E-5	6,5839514718391E-5	9,93600770016201E-5
32,185001373291		5,22667455982173E-8	1,80564285301443E-7	5,2145821882732E-7	1,3640928955283E-6	3,23867561746738E-6	6,99656311553554E-6	1,36731678139768E-5	2,45712672040099E-5	4,15108406741638E-5	6,58991557429545E-5	9,94698712020181E-5
32,3450012207031	5,23998622270483E-8	1,80897359314258E-7	5,22143352554849E-7	1,36526512051205E-6	3,24081383951125E-6	7,00109694662387E-6	1,36832113639684E-5	2,45886603806866E-5	4,1544517443981E-5	6,59641445963643E-5	9,95720984064974E-5
32,5050010681152	5,25847987375982E-8	1,81167337132138E-7	5,22673758496239E-7	1,36656979066174E-6	3,24334769175039E-6	7,00633790984284E-6	1,36919506985578E-5	2,46040362981148E-5	4,15806425735354E-5	6,60231962683611E-5	9,96797025436535E-5
32,6699981689453	5,27678807316079E-8	1,81489880901609E-7	5,23168750987679E-7	1,36762844249461E-6	3,24585721500625E-6	7,01040471540182E-6	1,37016713779303E-5	2,46227446041303E-5	4,16140210290905E-5	6,60855366731994E-5	9,97867609839886E-5
32,8300018310547	5,29401162907561E-8	1,81787896735841E-7	5,23589790191181E-7	1,36893686430994E-6	3,24781717608857E-6	7,01495991961565E-6	1,37108363560401E-5	2,4640750780236E-5	4,16459188272711E-5	6,61453523207456E-5	9,98947871266864E-5
32,9900016784668	5,31137374082391E-8	1,82070564846981E-7	5,24104166288453E-7	1,37012887080346E-6	3,25009887092165E-6	7,0196288106672E-6	1,3718149602937E-5	2,46569215960335E-5	4,16739167121705E-5	6,62022648612037E-5	9,99925541691482E-5
33,1549987792969	5,3324413329392E-8	1,82323177000399E-7	5,24669474089023E-7	1,37101380914828E-6	3,25257724398398E-6	7,02475972502725E-6	1,37265869852854E-5	2,46740746661089E-5	4,17043156630825E-5	6,62613165332004E-5	1,0009751713369E-4
33,314998626709		5,34763309190112E-8	1,82599009690421E-7	5,25200675838278E-7	1,37237907438248E-6	3,25472228723811E-6	7,02952502251719E-6	1,37367569550406E-5	2,46910021814983E-5	4,17355768149719E-5	6,63159225950949E-5	1,00199657026678E-4
33,4749984741211	5,36519735305774E-8	1,82889337452252E-7	5,25726875366672E-7	1,37338679451204E-6	3,25692690239521E-6	7,03340310792555E-6	1,37448078021407E-5	2,47099596890621E-5	4,17681294493377E-5	6,63717873976566E-5	1,00296201708261E-4
33,6399993896484	5,38273603467587E-8	1,83175970391858E-7	5,26311907833588E-7	1,374646444674E-6	3,25891892316577E-6	7,03793284628773E-6	1,37524912133813E-5	2,47267817030661E-5	4,17989831476007E-5	6,64261751808226E-5	1,00393473985605E-4
33,7999992370605	5,39920606001942E-8	1,83409554210812E-7	5,26782969245687E-7	1,37591916882229E-6	3,26145709550474E-6	7,04202511769836E-6	1,37612696562428E-5	2,47436455538264E-5	4,18305207858793E-5	6,64827966829762E-5	1,00495191873051E-4
33,9599990844727	5,41367519701907E-8	1,83709374823593E-7	5,27424390384112E-7	1,37715903747448E-6	3,2635518891766E-6	7,04642025084468E-6	1,37707238536677E-5	2,47590851358837E-5	4,18609124608338E-5	6,65366824250668E-5	1,00592245871667E-4
34,125			5,43250457951672E-8	1,83988092317122E-7	5,27894599144929E-7	1,37836320845963E-6	3,26640201819828E-6	7,05065576767083E-6	1,37783445097739E-5	2,4777418730082E-5	4,18906602135394E-5	6,65923362248577E-5	1,00690856925212E-4
34,2849998474121	5,451532558709E-8	1,84272550995956E-7	5,28421594481188E-7	1,37922631893161E-6	3,26879080603248E-6	7,05557249602862E-6	1,37864171847468E-5	2,47916468651965E-5	4,19210409745574E-5	6,66459745843895E-5	1,00792582088616E-4
34,4500007629395	5,47071579148906E-8	1,84556185445217E-7	5,29047440522845E-7	1,380700041409E-6	3,27054999615939E-6	7,05931552147376E-6	1,37958468258148E-5	2,48094966082135E-5	4,19501084252261E-5	6,67023341520689E-5	1,00884128187317E-4
34,6100006103516	5,48886021078943E-8	1,84796689950417E-7	5,29475585153705E-7	1,38148914174963E-6	3,2735285913077E-6	7,06329456079402E-6	1,38042250910075E-5	2,48266751441406E-5	4,19787320424803E-5	6,6750253608916E-5	1,00982404546812E-4
34,7700004577637	5,50683623146142E-8	1,85139668928969E-7	5,30043791968637E-7	1,38262009841128E-6	3,2756192922534E-6	7,06765149516286E-6	1,38117693495587E-5	2,48409996856935E-5	4,20076139562298E-5	6,68030479573645E-5	1,01075384009164E-4
34,935001373291		5,52167058742725E-8	1,85427921906012E-7	5,30607451310061E-7	1,38381710712565E-6	3,27801785715565E-6	7,07188701198902E-6	1,38198702188674E-5	2,48567266680766E-5	4,20365249738097E-5	6,685819971608E-5	1,01162353530526E-4
35,0950012207031	5,53805286074294E-8	1,85665683716252E-7	5,31251771462848E-7	1,3849152082912E-6	3,28064811583317E-6	7,07702292856993E-6	1,38274917844683E-5	2,487120218575E-5	4,2240306356689E-5	6,69059518259019E-5	1,01253230241127E-4
35,2550010681152	5,5559617351264E-8	1,85965561172452E-7	5,31775810941326E-7	1,38616746880871E-6	3,28264081872476E-6	7,08089646650478E-6	1,38350669658394E-5	2,48849355557468E-5	4,22147095378023E-5	6,69556757202372E-5	1,0134343028767E-4
35,4199981689453	5,57609993734332E-8	1,86212872677061E-7	5,3233100061334E-7	1,38708139729715E-6	3,28482133227226E-6	7,08429024598445E-6	1,38434488690109E-5	2,49001059273724E-5	4,22174744016957E-5	6,70066219754517E-5	1,01433135569096E-4
35,5800018310547	5,59113182418969E-8	1,86473712915358E-7	5,3282099088392E-7	1,38806683480652E-6	3,28705550600716E-6	7,0885721470404E-6	1,38506320581655E-5	2,49172062467551E-5	4,22264129156247E-5	6,70557565172203E-5	1,01521269243676E-4
35,7400016784668	5,61047492908529E-8	1,86773647214977E-7	5,33263460056332E-7	1,38933990001533E-6	3,28901978718932E-6	7,09313144398038E-6	1,38588557092589E-5	2,49315617111279E-5	4,22390148742124E-5	6,71043453621678E-5	1,01612196885981E-4
35,9049987792969	5,62779085555576E-8	1,86985673167328E-7	5,33808588443208E-7	1,3905378182244E-6	3,29101567331236E-6	7,09677397026098E-6	1,38661616801983E-5	2,49451004492585E-5	4,22581470047589E-5	6,71499146847054E-5	1,01696263300255E-4
36,064998626709		5,64230120403408E-8	1,87275659868646E-7	5,34341438651609E-7	1,39163842050039E-6	3,29279941979621E-6	7,10105950929574E-6	1,38744935611612E-5	2,49606073339237E-5	4,22765806433745E-5	6,71982052153908E-5	1,01782141427975E-4
36,2249984741211	5,65813209618682E-8	1,87607511747956E-7	5,34864682322223E-7	1,39297344503575E-6	3,29476483784674E-6	7,10481572241406E-6	1,38809236887028E-5	2,49732438533101E-5	4,22943885496352E-5	6,72456662869081E-5	1,01856494438834E-4
36,3899993896484	5,67379565552528E-8	1,87888886671317E-7	5,35378205768211E-7	1,39387270792213E-6	3,29692488776345E-6	7,10893300492899E-6	1,38893656185246E-5	2,49877448368352E-5	4,23149067501072E-5	6,72929963911884E-5	1,01944264315534E-4
36,5499992370605	5,69312987863668E-8	1,88168243653308E-7	5,35886272245989E-7	1,39499479701044E-6	3,29892486661265E-6	7,11323582436307E-6	1,3896284144721E-5	2,50021384999854E-5	4,23342389694881E-5	6,73415415803902E-5	1,02027232060209E-4
36,7099990844727	5,71075311484037E-8	1,8846755267532E-7	5,36437255505007E-7	1,39605685944844E-6	3,30120928992983E-6	7,11631491867593E-6	1,39035855681868E-5	2,50178563874215E-5	4,23561068600975E-5	6,73856411594898E-5	1,02105121186469E-4
36,875			5,72779939034263E-8	1,88670483680653E-7	5,37010123480286E-7	1,39694429890369E-6	3,30304919771152E-6	7,12080645826063E-6	1,39103658511885E-5	2,50322682404658E-5	4,23802157456521E-5	6,74346447340213E-5	1,0217977251159E-4
37,0349998474121	5,74706255918045E-8	1,88970147974032E-7	5,37503467512579E-7	1,39820690492343E-6	3,30482453136938E-6	7,12460860086139E-6	1,39179401230649E-5	2,50450048042694E-5	4,24003301304765E-5	6,74800394335762E-5	1,0226388258161E-4
37,1949996948242	5,76612428915269E-8	1,89246108561747E-7	5,38048141152103E-7	1,39927351483493E-6	3,30678403770435E-6	7,12882274456206E-6	1,39270296131144E-5	2,50581688305829E-5	4,24197314714547E-5	6,7523171310313E-5	1,02348836662713E-4
37,3600006103516	5,78243870563711E-8	1,89530084071521E-7	5,38589461029915E-7	1,40016061322967E-6	3,30923285218887E-6	7,1332306106342E-6	1,39349667733768E-5	2,50719385803677E-5	4,24450663558673E-5	6,75667615723796E-5	1,02430931292474E-4
37,5200004577637	5,80215200329803E-8	1,89769323810651E-7	5,39087807283067E-7	1,40145982641116E-6	3,31131059283507E-6	7,13646977601456E-6	1,39415942612686E-5	2,50857901846757E-5	4,24647623731289E-5	6,76093841320835E-5	1,02500198408961E-4
37,6800003051758	5,81678882838332E-8	1,90094567642518E-7	5,39695633960946E-7	1,40274516979844E-6	3,31379055751313E-6	7,13998997525778E-6	1,39496278279694E-5	2,50991597567918E-5	4,2487165046623E-5	6,76549898344092E-5	1,02579899248667E-4
37,8450012207031	5,833040717107E-8	1,90360722740479E-7	5,40140604243788E-7	1,40374652346509E-6	3,31579849444097E-6	7,14401448931312E-6	1,39572157422663E-5	2,51118035521358E-5	4,25127764174249E-5	6,76982454024255E-5	1,02663369034417E-4
38,0050010681152	5,85195039093378E-8	1,90699893209967E-7	5,40639859991643E-7	1,40494103106903E-6	3,31763885697001E-6	7,14805673851515E-6	1,39642479553004E-5	2,51258079515537E-5	4,25313301093411E-5	6,77395582897589E-5	1,02736506960355E-4
38,1650009155273	5,87044830524519E-8	1,90896173535293E-7	5,41168958534399E-7	1,40597433073708E-6	3,31935416397755E-6	7,15200212653144E-6	1,3971086445963E-5	2,51394776569214E-5	4,25532816734631E-5	6,77833595545962E-5	1,02815829450265E-4
38,3300018310547	5,88833195536154E-8	1,91204350130647E-7	5,41682481980388E-7	1,40677229865105E-6	3,32194758811966E-6	7,15626674718806E-6	1,39769626912312E-5	2,51514375122497E-5	4,25733815063722E-5	6,78248034091666E-5	1,02888581750449E-4
38,4900016784668	5,90094977326316E-8	1,91466284604758E-7	5,42173324902251E-7	1,4081690551393E-6	3,32418130710721E-6	7,15997657607659E-6	1,39846633828711E-5	2,51635738095501E-5	4,25977050326765E-5	6,7868095356971E-5	1,02953694295138E-4
38,6500015258789	5,92201701010708E-8	1,91715244568513E-7	5,42792463420483E-7	1,40913516588626E-6	3,32581362272322E-6	7,16311387805035E-6	1,39911744554411E-5	2,51756409852533E-5	4,26205624535214E-5	6,79085787851363E-5	1,03023470728658E-4
38,814998626709		5,94261351238856E-8	1,92058536185868E-7	5,43314854439814E-7	1,41026328037697E-6	3,3279461604252E-6	7,1672948251944E-6	1,3999375369167E-5	2,51892215601401E-5	4,26404585596174E-5	6,7949018557556E-5	1,03102713183034E-4
38,9749984741211	5,95990456986328E-8	1,92282115563103E-7	5,43798478247481E-7	1,41133193665155E-6	3,33021762344288E-6	7,17046168574598E-6	1,40068877954036E-5	2,52029749390204E-5	4,26600745413452E-5	6,79916774970479E-5	1,03170168586075E-4
39,1399993896484	5,97439822058732E-8	1,92620404959598E-7	5,4439783525595E-7	1,41259874908428E-6	3,33210437020171E-6	7,17402008376666E-6	1,40128222483327E-5	2,52147146966308E-5	4,26836195401847E-5	6,80307275615633E-5	1,03241298347712E-4
39,2999992370605	5,99380030052998E-8	1,92863453207792E-7	5,44870147223264E-7	1,41362545491575E-6	3,33449020217813E-6	7,17712828190997E-6	1,40198253575363E-5	2,52270547207445E-5	4,27032100560609E-5	6,80700759403408E-5	1,03310558188241E-4
39,4599990844727	6,01137273292807E-8	1,93091679534518E-7	5,45419084119203E-7	1,41459281621792E-6	3,33620323544892E-6	7,18046794645488E-6	1,40269157782313E-5	2,52393911068793E-5	4,27245395258069E-5	6,81106757838279E-5	1,03375125036109E-4
39,625			6,02851528697101E-8	1,93395649716877E-7	5,45761395187583E-7	1,41554335186811E-6	3,33811362906999E-6	7,18425326340366E-6	1,40340080179158E-5	2,5251109036617E-5	4,27469494752586E-5	6,81482124491595E-5	1,03447382571176E-4
39,7849998474121	6,04382108804202E-8	1,93671752413138E-7	5,46351941466128E-7	1,41665884711983E-6	3,33994466927834E-6	7,18834144208813E-6	1,40409729283419E-5	2,52636255027028E-5	4,27662671427242E-5	6,81891106069088E-5	1,0351122909924E-4
39,9449996948242	6,06442611683633E-8	1,93882854659932E-7	5,46839373782859E-7	1,41758744121034E-6	3,34230321641371E-6	7,19249646863318E-6	1,40475758598768E-5	2,5276238375227E-5	4,27864033554215E-5	6,82252139085904E-5	1,03587277408224E-4
40,1100006103516	6,08088370768201E-8	1,94111962059651E-7	5,47310037291027E-7	1,41876341785974E-6	3,34405649482505E-6	7,19603804100188E-6	1,40536412800429E-5	2,52869976975489E-5	4,28079438279383E-5	6,82625832268968E-5	1,03650279925205E-4
40,2700004577637	6,09597918810323E-8	1,94385179952405E-7	5,4776342039986E-7	1,41992052249407E-6	3,34629066855996E-6	7,19883928468334E-6	1,4060265129956E-5	2,52991449087858E-5	4,28253588324878E-5	6,83002435835078E-5	1,03711063275114E-4
40,4300003051758	6,11427495300632E-8	1,94641145867536E-7	5,48279103895766E-7	1,42096780564316E-6	3,34844094140863E-6	7,20278876542579E-6	1,4066355106479E-5	2,53104917646851E-5	4,28488237957936E-5	6,83395919622853E-5	1,03777267213445E-4
40,5950012207031	6,12957578027817E-8	1,94936703223902E-7	5,48713558146119E-7	1,42188673635246E-6	3,35018671648868E-6	7,20660364095238E-6	1,40727070174762E-5	2,53195848927135E-5	4,28684397775214E-5	6,83744801790453E-5	1,03843631222844E-4
40,7550010681152	6,14867943227182E-8	1,95196832919464E-7	5,49375613445591E-7	1,42306100769929E-6	3,35238041770936E-6	7,20926573194447E-6	1,40784177347086E-5	2,5331059077871E-5	4,28875791840255E-5	6,84144979459234E-5	1,03908161690924E-4
40,9150009155273	6,16466664382642E-8	1,95499865185411E-7	5,4978232810754E-7	1,42402166147804E-6	3,35406048179721E-6	7,2130765147449E-6	1,40847942020628E-5	2,53447997238254E-5	4,29054744017776E-5	6,84484984958544E-5	1,03968144685496E-4
41,0800018310547	6,17872686348164E-8	1,95771917788079E-7	5,50224740436533E-7	1,42511942158308E-6	3,35560594066919E-6	7,21697097105789E-6	1,40912425194983E-5	2,53560046985513E-5	4,29279098170809E-5	6,84814513078891E-5	1,04035061667673E-4
41,2400016784668	6,19830089476636E-8	1,96043671962798E-7	5,50943127564096E-7	1,42636611144553E-6	3,35759591507667E-6	7,22101276551257E-6	1,40973234010744E-5	2,53668695222586E-5	4,2947842302965E-5	6,85197446728125E-5	1,04097263829317E-4
41,4000015258789	6,21840996473111E-8	1,96298870491773E-7	5,51425102912617E-7	1,42707017403154E-6	3,35932782036252E-6	7,22394042895758E-6	1,41043728945078E-5	2,53808666457189E-5	4,29652245657053E-5	6,85536651872098E-5	1,04169484984595E-4
41,564998626709		6,23503595420516E-8	1,96557209619641E-7	5,51809989701724E-7	1,4281469020716E-6	3,36155380864511E-6	7,22759978089016E-6	1,41108703246573E-5	2,53913858614396E-5	4,29848914791364E-5	6,8593057221733E-5	1,04232531157322E-4
41,7249984741211	6,25409697363466E-8	1,96795895135438E-7	5,52414803678403E-7	1,42927740398591E-6	3,3638955301285E-6	7,23088851373177E-6	1,41174577947822E-5	2,5400790036656E-5	4,30043073720299E-5	6,86306302668527E-5	1,04292223113589E-4
41,8849983215332	6,27153511345568E-8	1,97100945342754E-7	5,52845904167043E-7	1,43046679568215E-6	3,36548578161455E-6	7,2342113526247E-6	1,41243126563495E-5	2,5411662136321E-5	4,30221116403118E-5	6,86612766003236E-5	1,04351609479636E-4
42,0499992370605	6,29257712603248E-8	1,9733619183171E-7	5,5331611292786E-7	1,43146792197513E-6	3,36698576575145E-6	7,23784933143179E-6	1,413085283275E-5	2,54227106779581E-5	4,3041720346082E-5	6,86980565660633E-5	1,04414961242583E-4
42,2099990844727	6,30751273433816E-8	1,97568368776047E-7	5,53799793578946E-7	1,43273177855008E-6	3,36940479428449E-6	7,24088204151485E-6	1,41363343573175E-5	2,54348560702056E-5	4,30587606388144E-5	6,87334468238987E-5	1,04471953818575E-4
42,3699989318848	6,3260777949381E-8	1,97856422801124E-7	5,54433654542663E-7	1,43372949423792E-6	3,37117489834782E-6	7,24374604033073E-6	1,41429281939054E-5	2,54440765274921E-5	4,3076081055915E-5	6,87670326442458E-5	1,0453777940711E-4
42,5349998474121	6,3420728224628E-8	1,98145912122527E-7	5,55055692075257E-7	1,43448312428518E-6	3,37286428475636E-6	7,24743040336762E-6	1,41487962537212E-5	2,54571641562507E-5	4,30951295129489E-5	6,87997744535096E-5	1,04595790617168E-4
42,6949996948242	6,36136974208057E-8	1,9847632870551E-7	5,55402721147402E-7	1,4354690165419E-6	3,37489382218337E-6	7,25160680303816E-6	1,41550171974814E-5	2,5469471438555E-5	4,31166408816352E-5	6,88356303726323E-5	1,04655300674494E-4
42,8549995422363	6,37914823187202E-8	1,98714900534469E-7	5,55938527213584E-7	1,43648219363968E-6	3,37731626132154E-6	7,25507698007277E-6	1,4162011211738E-5	2,54793103522388E-5	4,31338594353292E-5	6,88635409460403E-5	1,04715079942252E-4
43,0200004577637	6,40004316210252E-8	1,98996232825266E-7	5,56547547603259E-7	1,43766953897284E-6	3,37877327183378E-6	7,25835752746207E-6	1,41685468406649E-5	2,54909573413897E-5	4,31542321166489E-5	6,89002772560343E-5	1,04777835076675E-4
43,1800003051758	6,41634159137539E-8	1,99301467773694E-7	5,57093471797998E-7	1,43874081004469E-6	3,381197075214E-6	7,26217649571481E-6	1,41742202686146E-5	2,55015293078031E-5	4,31731750722975E-5	6,89333173795603E-5	1,0482545621926E-4
43,3400001525879	6,43287023649464E-8	1,99555699964549E-7	5,57705448045454E-7	1,43994793688762E-6	3,38260588250705E-6	7,26478401702479E-6	1,41810178320156E-5	2,55124359682668E-5	4,31877560913563E-5	6,89676598994993E-5	1,0489077976672E-4
43,5050010681152	6,44951327899435E-8	1,99798677158469E-7	5,58189526600472E-7	1,44117643685604E-6	3,38444669978344E-6	7,26856933397357E-6	1,41871460073162E-5	2,55229369940935E-5	4,32053275289945E-5	6,90014130668715E-5	1,04949540400412E-4
43,6650009155273	6,46842295282113E-8	2,00087953317052E-7	5,58610963707906E-7	1,44234354593209E-6	3,38655422638112E-6	7,27199767425191E-6	1,41945774885244E-5	2,55349714279873E-5	4,32259112130851E-5	6,9032386818435E-5	1,05005863588303E-4
43,8300018310547	6,48708535777587E-8	2,00388569737697E-7	5,59203613192949E-7	1,44325122164446E-6	3,38817471856601E-6	7,2755346991471E-6	1,41995324156596E-5	2,55471877608215E-5	4,32422966696322E-5	6,90682863933034E-5	1,05061597423628E-4
43,9900016784668	6,50322746764687E-8	2,00690337237575E-7	5,59756301754533E-7	1,44379509947612E-6	3,39001962856855E-6	7,27882752471487E-6	1,42063790917746E-5	2,55580162047409E-5	4,32608067058027E-5	6,91027089487761E-5	1,05121078377124E-4
44,1500015258789	6,52101022069473E-8	2,00895968305304E-7	5,60263060833677E-7	1,44498653753544E-6	3,39209282174124E-6	7,28178065401153E-6	1,42122589750215E-5	2,55675677180989E-5	4,32783090218436E-5	6,9131885538809E-5	1,05178783996962E-4
44,314998626709		6,54112710662957E-8	2,01226683316236E-7	5,60848548047943E-7	1,44632076626294E-6	3,39403845828201E-6	7,2848170020734E-6	1,42171629704535E-5	2,55783943430288E-5	4,32953347626608E-5	6,91681998432614E-5	1,05226332379971E-4
44,4749984741211	6,55957492767811E-8	2,01510914621394E-7	5,61276294774871E-7	1,44707826166268E-6	3,39601433552161E-6	7,2883835855464E-6	1,42225180752575E-5	2,55881295743166E-5	4,33145651186351E-5	6,91965251462534E-5	1,05275976238772E-4
44,6349983215332	6,57731078490542E-8	2,01804112975879E-7	5,61711146929156E-7	1,44814953273453E-6	3,39757070833002E-6	7,29186649550684E-6	1,42291382871917E-5	2,55979630310321E-5	4,33290188084356E-5	6,92265020916238E-5	1,05334569525439E-4
44,7999992370605	6,59667520608309E-8	2,02082730993425E-7	5,6237109902213E-7	1,44901218845916E-6	3,39994949172251E-6	7,29442353986087E-6	1,4233696674637E-5	2,56080656981794E-5	4,33467830589507E-5	6,92576068104245E-5	1,05390892713331E-4
44,9599990844727	6,61622863162847E-8	2,02309450969551E-7	5,62718071250856E-7	1,45018759667437E-6	3,4013662570942E-6	7,29849898561952E-6	1,42402368510375E-5	2,56203093158547E-5	4,33628192695323E-5	6,92882895236835E-5	1,05450541013852E-4
45,1199989318848	6,63607622186646E-8	2,02553579242704E-7	5,63322885227535E-7	1,45132787565672E-6	3,4033810152323E-6	7,30130022930098E-6	1,42453855005442E-5	2,56307193922112E-5	4,33783352491446E-5	6,93245674483478E-5	1,05507620901335E-4
45,2849998474121	6,65267734234476E-8	2,02799569137824E-7	5,63897003758029E-7	1,4522687479257E-6	3,40520250574627E-6	7,30453439246048E-6	1,42514845720143E-5	2,56415114563424E-5	4,33947061537765E-5	6,93555411999114E-5	1,05558181530796E-4
45,4449996948242	6,66994637299467E-8	2,03088518446748E-7	5,64318838769395E-7	1,4533353578372E-6	3,40706742463226E-6	7,30773081158986E-6	1,42582175612915E-5	2,56512994383229E-5	4,34112262155395E-5	6,93805122864433E-5	1,05610102764331E-4
45,6049995422363	6,689365505963E-8	2,03310520419109E-7	5,64798767754837E-7	1,4543612678608E-6	3,40903511641955E-6	7,31109548723907E-6	1,4263479897636E-5	2,56608709605644E-5	4,34264802606776E-5	6,94099799147807E-5	1,05665123555809E-4
45,7700004577637	6,71013040687285E-8	2,03590374781015E-7	5,65378798000893E-7	1,45558851727401E-6	3,4104587030015E-6	7,31469617676339E-6	1,42694061651127E-5	2,56693892879412E-5	4,34462235716637E-5	6,94370901328512E-5	1,05716695543379E-4
45,9300003051758	6,72547315616612E-8	2,03897187134316E-7	5,65940695196332E-7	1,45665808304329E-6	3,41263398695446E-6	7,3171609074052E-6	1,4275605281E-5	2,5680508770165E-5	4,34620342275593E-5	6,94650807417929E-5	1,05771803646348E-4
46,0900001525879	6,73983677756951E-8	2,04077380772105E-7	5,66433641324693E-7	1,45727381095639E-6	3,4141567084589E-6	7,32045782569912E-6	1,42813505590311E-5	2,56928542512469E-5	4,34793400927447E-5	6,94994232617319E-5	1,05824852653313E-4
46,2550010681152	6,75712286124508E-8	2,04389849045583E-7	5,66859682749055E-7	1,45846536270255E-6	3,41606141773809E-6	7,32405851522344E-6	1,42870285344543E-5	2,57041083386866E-5	4,34944449807517E-5	6,95310809533112E-5	1,05874321889132E-4
46,4150009155273	6,77788776215493E-8	2,04651286139779E-7	5,67447671073751E-7	1,45931755923812E-6	3,41848158313951E-6	7,32804119252251E-6	1,42935605254024E-5	2,57138872257201E-5	4,35115543950815E-5	6,95649578119628E-5	1,05924424133264E-4
46,5750007629395	6,80027198995958E-8	2,04967747663432E-7	5,68079826734902E-7	1,46024194691563E-6	3,42003522746381E-6	7,3308597166033E-6	1,42986236824072E-5	2,57210504059913E-5	4,35267538705375E-5	6,95937487762421E-5	1,05966333649121E-4
46,7400016784668	6,8158044541633E-8	2,051781677892E-7	5,68640871279058E-7	1,46144645896129E-6	3,42208477377426E-6	7,33479646441992E-6	1,43044153446681E-5	2,57330993918004E-5	4,35451074736193E-5	6,96218266966753E-5	1,06018749647774E-4
46,9000015258789	6,8378142259462E-8	2,0541592959944E-7	5,68935320188757E-7	1,4625649100708E-6	3,42422276844445E-6	7,33786691853311E-6	1,43107708936441E-5	2,57418068940751E-5	4,35608926636633E-5	6,96496499585919E-5	1,06068851891905E-4
47,060001373291		6,85648444687104E-8	2,05711771172901E-7	5,69424059904122E-7	1,4635625120718E-6	3,42584962709225E-6	7,3414289545326E-6	1,43165416375268E-5	2,57520514423959E-5	4,35789879702497E-5	6,96762144798413E-5	1,06118321127724E-4
47,2249984741211	6,87297543322529E-8	2,05972327194104E-7	5,69804683436814E-7	1,46449451676745E-6	3,42746238857217E-6	7,34470540919574E-6	1,43219840538222E-5	2,5762874429347E-5	4,35946130892262E-5	6,97040450177155E-5	1,06175866676494E-4
47,3849983215332	6,89020325239653E-8	2,06247193546005E-7	5,7034679912249E-7	1,4654518736279E-6	3,42958628607448E-6	7,347380687861E-6	1,43273719004355E-5	2,57727133430308E-5	4,36107584391721E-5	6,97361174388789E-5	1,06218656583223E-4
47,5449981689453	6,9077039199783E-8	2,06523097290301E-7	5,70762779261713E-7	1,46651473187376E-6	3,43174156114401E-6	7,35071989765856E-6	1,43326124089072E-5	2,57803039858118E-5	4,3626430851873E-5	6,97663417668082E-5	1,06263294583187E-4
47,7099990844727	6,92370392130215E-8	2,06743322905822E-7	5,71392831716366E-7	1,46741092521552E-6	3,43329406859993E-6	7,35313824407058E-6	1,43374745675828E-5	2,5790050131036E-5	4,36412592534907E-5	6,97913055773824E-5	1,06306972156744E-4
47,8699989318848	6,93988013722446E-8	2,07005768970703E-7	5,7190510460714E-7	1,46855040839E-6	3,43503734256956E-6	7,35712956156931E-6	1,43432871482219E-5	2,58011059486307E-5	4,36578702647239E-5	6,98193034622818E-5	1,06362080259714E-4
48,0299987792969	6,96034589964256E-8	2,07342168323521E-7	5,72289536648896E-7	1,46966533520754E-6	3,43719693773892E-6	7,36005722501432E-6	1,43500255944673E-5	2,58101063081995E-5	4,3672389438143E-5	6,98466246831231E-5	1,06410669104662E-4
48,1949996948242	6,97922217796076E-8	2,07563061849214E-7	5,72718533931038E-7	1,47065202327212E-6	3,43943338521058E-6	7,36382526156376E-6	1,43547895277152E-5	2,58204872807255E-5	4,36868976976257E-5	6,9879912189208E-5	1,06458333902992E-4
48,3549995422363	6,99954938454539E-8	2,07874833790811E-7	5,73154693483957E-7	1,47148693940835E-6	3,44113936989743E-6	7,36628180675325E-6	1,43604183904245E-5	2,58308082266012E-5	4,37019116361625E-5	6,9905974669382E-5	1,064999087248E-4
48,5200004577637	7,0160950826903E-8	2,08055183748002E-7	5,73715340124181E-7	1,47286232277111E-6	3,44301429322513E-6	7,36952870283858E-6	1,4366537470778E-5	2,58427153312368E-5	4,37191629316658E-5	6,99352676747367E-5	1,06551065982785E-4
48,6800003051758	7,03702411897211E-8	2,08331769613324E-7	5,74247849272069E-7	1,47363573432813E-6	3,44490445058909E-6	7,37229220248992E-6	1,43715133162914E-5	2,58523468801286E-5	4,37362432421651E-5	6,99589800206013E-5	1,06596417026594E-4
48,8400001525879	7,0535037366426E-8	2,08576949489725E-7	5,74723060253746E-7	1,4747975001228E-6	3,44684826814046E-6	7,3751061790972E-6	1,43768847920001E-5	2,58608433796326E-5	4,37508715549484E-5	6,99879819876514E-5	1,06641855381895E-4
49,0050010681152	7,07367107111168E-8	2,08906612897408E-7	5,75269893943187E-7	1,47599064348469E-6	3,44842055710615E-6	7,37897107683239E-6	1,43837733048713E-5	2,58694690273842E-5	4,37661437899806E-5	7,00173186487518E-5	1,06695828435477E-4
49,1650009155273	7,0918403594078E-8	2,09166557851859E-7	5,75801493596373E-7	1,47658295190922E-6	3,45031298820686E-6	7,3818014243443E-6	1,43891402331064E-5	2,58780764852418E-5	4,37822382082231E-5	7,00423770467751E-5	1,06733234133571E-4
49,3250007629395	7,10706160589325E-8	2,09471252787807E-7	5,76361742332665E-7	1,47803893923992E-6	3,4520626286394E-6	7,38499420549488E-6	1,43939132613014E-5	2,58896125160391E-5	4,37930793850683E-5	7,00693999533542E-5	1,06781444628723E-4
49,4900016784668	7,12452461471003E-8	2,09700928621714E-7	5,7679409337652E-7	1,47905086578248E-6	3,45406510859902E-6	7,3885735218937E-6	1,4400217878574E-5	2,58988384302938E-5	4,38095994468313E-5	7,00981108820997E-5	1,06827683339361E-4
49,6500015258789	7,14301791049365E-8	2,09991441124657E-7	5,77234004595084E-7	1,47991602261754E-6	3,45478179042402E-6	7,3918790803873E-6	1,44051355164265E-5	2,59113239735598E-5	4,3825748434756E-5	7,01252647559159E-5	1,06875610072166E-4
49,810001373291		7,16283210522306E-8	2,10309664794295E-7	5,77718537897454E-7	1,48085644013918E-6	3,45745570484723E-6	7,39489087209222E-6	1,44112382258754E-5	2,59189819189487E-5	4,38421520811971E-5	7,0150061219465E-5	1,06917388620786E-4
49,9749984741211	7,18128347898528E-8	2,1053716636743E-7	5,78317440158571E-7	1,48180208725535E-6	3,45947319146944E-6	7,39751931178034E-6	1,44161595017067E-5	2,59290172834881E-5	4,38571405538823E-5	7,01804528944194E-5	1,06961859273724E-4
50,1349983215332	7,20011783528207E-8	2,10821980317633E-7	5,78792310079734E-7	1,48278240885702E-6	3,46141041518422E-6	7,40075347493985E-6	1,44223795359721E-5	2,59351636486826E-5	4,3873194954358E-5	7,02031538821757E-5	1,07003761513624E-4
50,2949981689453	7,22060136126856E-8	2,11120891435712E-7	5,79220909457945E-7	1,48399919908115E-6	3,46324918609753E-6	7,40471568860812E-6	1,44281257234979E-5	2,59466778516071E-5	4,38855386164505E-5	7,02262695995159E-5	1,07042142190039E-4
50,4599990844727	7,23923747614208E-8	2,11339653333198E-7	5,79644847675809E-7	1,48482695294661E-6	3,46486058333539E-6	7,40774385121767E-6	1,44333025673404E-5	2,59551525232382E-5	4,39029208791908E-5	7,02545585227199E-5	1,07091276731808E-4
50,6199989318848	7,25547621982514E-8	2,11582161568913E-7	5,8006293102153E-7	1,48597132465511E-6	3,46642696058552E-6	7,41079747967888E-6	1,44379710036446E-5	2,59642729361076E-5	4,39184805145487E-5	7,02803226886317E-5	1,0714079689933E-4
50,7799987792969	7,273296631638E-8	2,1185722687278E-7	5,80738401367853E-7	1,48711114889011E-6	3,46812589668843E-6	7,41372923585004E-6	1,44432660817984E-5	2,59722110058647E-5	4,39323121099733E-5	7,03026889823377E-5	1,07178624602966E-4
50,9449996948242	7,29413329736417E-8	2,12148322020767E-7	5,81249878450762E-7	1,48792412346666E-6	3,47001082445786E-6	7,41695521355723E-6	1,44494497362757E-5	2,59818534686929E-5	4,39483410445973E-5	7,03266050550155E-5	1,07228814158589E-4
51,1049995422363	7,31048572788495E-8	2,12431771728916E-7	5,81671315558197E-7	1,48932554111525E-6	3,47210175277723E-6	7,41981511964696E-6	1,44544801514712E-5	2,59909029409755E-5	4,39622817793861E-5	7,03548066667281E-5	1,07273575849831E-4
51,2649993896484	7,33147800247025E-8	2,12572032864955E-7	5,8214868658979E-7	1,49035315644142E-6	3,47335708283936E-6	7,4232470979041E-6	1,44599816849222E-5	2,60001197602833E-5	4,39766190538649E-5	7,03794867149554E-5	1,07308675069362E-4
51,4300003051758	7,34778851096962E-8	2,12891478668098E-7	5,82544430471899E-7	1,49146353578544E-6	3,47515560861211E-6	7,4263766691729E-6	1,4465856111201E-5	2,60099022852955E-5	4,39929171989206E-5	7,04071426298469E-5	1,07352985651232E-4
51,5900001525879	7,36824219416121E-8	2,1313563536296E-7	5,82865766318719E-7	1,49247250647022E-6	3,47720583704358E-6	7,42909332984709E-6	1,44708074003574E-5	2,6019284632639E-5	4,40076109953225E-5	7,04330377629958E-5	1,07394509541336E-4
51,75			7,38630632213244E-8	2,1350314227675E-7	5,83434427881002E-7	1,49364177559619E-6	3,47870991390664E-6	7,43183545637294E-6	1,44762998388615E-5	2,60280048678396E-5	4,40214716945775E-5	7,04574122210033E-5	1,07439569546841E-4
51,9150009155273	7,40633083751163E-8	2,13772324286765E-7	5,83969381295901E-7	1,49454774600599E-6	3,48064531863201E-6	7,43567125027766E-6	1,44813766382867E-5	2,6037418138003E-5	4,4036019971827E-5	7,0480236900039E-5	1,0748412751127E-4
52,0750007629395	7,42474455250886E-8	2,13951906857801E-7	5,84321071528393E-7	1,49562742990383E-6	3,48272988048848E-6	7,43834243621677E-6	1,44873110912158E-5	2,604407563922E-5	4,40508920291904E-5	7,05049969838001E-5	1,07516490970738E-4
52,2350006103516	7,44105079775181E-8	2,14281371313518E-7	5,84746260301472E-7	1,49681136463187E-6	3,48471826328023E-6	7,44128237784025E-6	1,44924424603232E-5	2,60538872680627E-5	4,40674994024448E-5	7,05264319549315E-5	1,07554449641611E-4
52,4000015258789	7,46075556889991E-8	2,14512908769393E-7	5,85277462050726E-7	1,4977698583607E-6	3,48678577211103E-6	7,44482804293511E-6	1,44983096106444E-5	2,60634260484949E-5	4,4082375097787E-5	7,05544734955765E-5	1,07596817542799E-4
52,560001373291		7,47837916037497E-8	2,14814761534399E-7	5,85757391036168E-7	1,49857066844561E-6	3,48832327290438E-6	7,44760382076493E-6	1,45033309308928E-5	2,60722754319431E-5	4,40935145888943E-5	7,05787606420927E-5	1,0764481703518E-4
52,7200012207031	7,49564392776847E-8	2,15136608971989E-7	5,86344924613513E-7	1,49948425587354E-6	3,48999265042949E-6	7,4510780905257E-6	1,45079284266103E-5	2,6082083422807E-5	4,4111529859947E-5	7,06053324392997E-5	1,07694082544185E-4
52,8849983215332	7,51823421296649E-8	2,15413777482354E-7	5,86868168284127E-7	1,50059543102543E-6	3,4922322811326E-6	7,45385386835551E-6	1,45140693348367E-5	2,60903780144872E-5	4,41203956142999E-5	7,06288701621816E-5	1,07734558696393E-4
53,0449981689453	7,53413686993554E-8	2,15614903709138E-7	5,87280737818219E-7	1,50159007716866E-6	3,49391598319926E-6	7,45642773836153E-6	1,4518990610668E-5	2,61003588093445E-5	4,41373704234138E-5	7,06562277628109E-5	1,07775747892447E-4
53,2099990844727	7,5517803566072E-8	2,15812534065662E-7	5,87901581639017E-7	1,50260632381105E-6	3,49628794538148E-6	7,46014575270237E-6	1,45238773257006E-5	2,61087916442193E-5	4,41539959865622E-5	7,06782157067209E-5	1,078155983123E-4
53,3699989318848	7,56967679649279E-8	2,1615119294438E-7	5,88364173381706E-7	1,5036447393868E-6	3,49800234289432E-6	7,46290925235371E-6	1,45298081406509E-5	2,6118179448531E-5	4,41683732788078E-5	7,07017170498148E-5	1,07854066300206E-4
53,5299987792969	7,58837259695611E-8	2,16416225384819E-7	5,88703642279143E-7	1,50456503433816E-6	3,49986930814339E-6	7,46575642551761E-6	1,45353387779323E-5	2,61265577137237E-5	4,41801785200369E-5	7,07335711922497E-5	1,07892316009384E-4
53,6949996948242	7,60869554028432E-8	2,16740588143693E-7	5,89151113672415E-7	1,50564801515429E-6	3,50150980921171E-6	7,46958357922267E-6	1,45399817483849E-5	2,61369805230061E-5	4,41912015958223E-5	7,07542130840011E-5	1,07924977783114E-4
53,8549995422363	7,62855592029155E-8	2,16959719523402E-7	5,89694082009373E-7	1,50670200582681E-6	3,50325512954441E-6	7,47271315049147E-6	1,45453568620724E-5	2,61455643340014E-5	4,4204483856447E-5	7,07789295120165E-5	1,07968648080714E-4
54,0149993896484	7,64729364277628E-8	2,17216651776653E-7	5,9029054000348E-7	1,50794903674978E-6	3,50560299011704E-6	7,47493368180585E-6	1,45500252983766E-5	2,61530749412486E-5	4,42222917627078E-5	7,07995714037679E-5	1,08003783680033E-4
54,1800003051758	7,66835626109241E-8	2,17482593711793E-7	5,90505464970192E-7	1,50908897467161E-6	3,50731784237723E-6	7,47840385884047E-6	1,45572175824782E-5	2,61632503679721E-5	4,42378041043412E-5	7,08245352143422E-5	1,08038504549768E-4
54,3400001525879	7,68418360053147E-8	2,17749118291977E-7	5,91055197673995E-7	1,50990308611654E-6	3,50924938175012E-6	7,48140655559837E-6	1,456228983443E-5	2,61726727330824E-5	4,42514829046559E-5	7,08448351360857E-5	1,0808625665959E-4
54,5			7,70262218452444E-8	2,1799445448778E-7	5,91546836403722E-7	1,51081462718139E-6	3,51135918208456E-6	7,48458205634961E-6	1,45671310747275E-5	2,61799050349509E-5	4,42657401436009E-5	7,08699299138971E-5	1,08121443190612E-4
54,6650009155273	7,72195321019353E-8	2,1826539864378E-7	5,91914442793495E-7	1,51170377193921E-6	3,51280164068157E-6	7,48832553654211E-6	1,45738404171425E-5	2,61893128481461E-5	4,42766468040645E-5	7,0897163823247E-5	1,08161410025787E-4
54,8250007629395	7,74116983848216E-8	2,18609372382161E-7	5,92528976994799E-7	1,5132413864194E-6	3,5144050798408E-6	7,49034052205388E-6	1,45780622915481E-5	2,61986406258075E-5	4,42897689936217E-5	7,09231462678872E-5	1,08202017145231E-4
54,9850006103516	7,76243567202073E-8	2,18837286070084E-7	5,92969286117295E-7	1,51420204019814E-6	3,51644916918303E-6	7,49445371184265E-6	1,4583863048756E-5	2,62067351286532E-5	4,43052376795094E-5	7,0944290200714E-5	1,08237538370304E-4
55,1500015258789	7,78095810005652E-8	2,19115761979083E-7	5,93462232245656E-7	1,51519088831265E-6	3,51815356225416E-6	7,49785613152198E-6	1,45899066410493E-5	2,62162957369583E-5	4,43177450506482E-5	7,09673695382662E-5	1,08273015939631E-4
55,310001373291		7,79657511884579E-8	2,19404540757751E-7	5,93982065311138E-7	1,51592814745527E-6	3,52043730345031E-6	7,49984565118211E-6	1,45937674460583E-5	2,62275207205676E-5	4,43297103629448E-5	7,09906526026316E-5	1,08319203718565E-4
55,4700012207031	7,81799158744434E-8	2,19655717614842E-7	5,94458185787516E-7	1,51693461702962E-6	3,52209576703899E-6	7,50297476770356E-6	1,45993444675696E-5	2,62339017353952E-5	4,43448479927611E-5	7,10162494215183E-5	1,08363004983403E-4
55,6349983215332	7,83502969170513E-8	2,19896350017734E-7	5,94889741023508E-7	1,51839628870221E-6	3,52382971868792E-6	7,50671824789606E-6	1,46039628816652E-5	2,62419980572304E-5	4,43606732005719E-5	7,10387321305461E-5	1,08402557088993E-4
55,7949981689453	7,86034561883753E-8	2,20077538415353E-7	5,95375468037673E-7	1,51934307268675E-6	3,52558845406747E-6	7,50921253711567E-6	1,46091151691508E-5	2,62498251686338E-5	4,43740318587516E-5	7,10578678990714E-5	1,08443411590997E-4
55,9550018310547	7,87288243486728E-8	2,20322775135173E-7	5,95791505020316E-7	1,52035238443204E-6	3,52775100509461E-6	7,51165634937934E-6	1,46143001984456E-5	2,62589146586834E-5	4,43864773842506E-5	7,10805179551244E-5	1,08483218355104E-4
56,1199989318848	7,89336169759736E-8	2,20604462697338E-7	5,96200322888762E-7	1,52088648519566E-6	3,52999700226064E-6	7,51449488234357E-6	1,46195498018642E-5	2,62679222942097E-5	4,44013894593809E-5	7,11084285285324E-5	1,08513995655812E-4
56,2799987792969	7,9113803508335E-8	2,20880622237019E-7	5,96519953433017E-7	1,52241454998148E-6	3,53137806996529E-6	7,51738480175845E-6	1,46250058605801E-5	2,62763987848302E-5	4,44142824562732E-5	7,1133988967631E-5	1,08551357698161E-4
56,439998626709		7,92724108578113E-8	2,21174659031931E-7	5,97102882693434E-7	1,523304604234E-6	3,53370410266507E-6	7,52029109207797E-6	1,46299053085386E-5	2,62856519839261E-5	4,44278812210541E-5	7,11578177288175E-5	1,08586333226413E-4
56,6049995422363	7,9497766591885E-8	2,21433140268346E-7	5,97525627199502E-7	1,524392587271E-6	3,53520817952813E-6	7,52401729187113E-6	1,46347083500586E-5	2,62934445345309E-5	4,44410616182722E-5	7,11788743501529E-5	1,08625383290928E-4
56,7649993896484	7,96456021134873E-8	2,21662233457209E-7	5,98037900090276E-7	1,5257174936778E-6	3,53696555066563E-6	7,52755840949249E-6	1,46397642311058E-5	2,6303172489861E-5	4,44518009317108E-5	7,12011169525795E-5	1,08661406557076E-4
56,9249992370605	7,98852113348403E-8	2,21941220956978E-7	5,98436997734098E-7	1,52650613927108E-6	3,53886548509763E-6	7,53040194467758E-6	1,4643923350377E-5	2,63094952970278E-5	4,44648248958401E-5	7,12253240635619E-5	1,08702384750359E-4
57,0900001525879	8,00889949914563E-8	2,22100084101839E-7	5,98745316437999E-7	1,52761811023083E-6	3,54040344063833E-6	7,53321955926367E-6	1,46480360854184E-5	2,63180500041926E-5	4,44757752120495E-5	7,12499968358316E-5	1,08736850961577E-4
57,25			8,02812465394709E-8	2,22362203317061E-7	5,99347572460829E-7	1,52882148540812E-6	3,54236408384168E-6	7,5371858656581E-6	1,46534621308092E-5	2,63272813754156E-5	4,44901597802527E-5	7,12749679223634E-5	1,08772037492599E-4
57,4099998474121	8,04681121735484E-8	2,22604498389956E-7	5,99761449393554E-7	1,52998825342365E-6	3,5439147723082E-6	7,54056372898049E-6	1,46596958074952E-5	2,63357414951315E-5	4,45066070824396E-5	7,12960245436989E-5	1,08801541500725E-4
57,5750007629395	8,06422875143653E-8	2,22841350705494E-7	6,00224495883595E-7	1,53094833876821E-6	3,54580151906703E-6	7,54373877498438E-6	1,46646161738317E-5	2,63431520579616E-5	4,4521799281938E-5	7,13159461156465E-5	1,08840467873961E-4
57,7350006103516	8,08116524808611E-8	2,23143288735628E-7	6,00569819653174E-7	1,53205417063873E-6	3,54742087438353E-6	7,54628354115994E-6	1,46696593219531E-5	2,63512447418179E-5	4,45315781689715E-5	7,13353729224764E-5	1,08882923086639E-4
57,9000015258789	8,09953277780551E-8	2,23425800527366E-7	6,01167073455144E-7	1,53275948377996E-6	3,54906569555169E-6	7,54964821680915E-6	1,46747697726823E-5	2,63592392002465E-5	4,45462828793097E-5	7,1360293077305E-5	1,089167126338E-4
58,060001373291		8,12378857517615E-8	2,23675414190438E-7	6,01553665546817E-7	1,53405028413545E-6	3,55129805029719E-6	7,553832801932E-6	1,46812344610225E-5	2,63687979895622E-5	4,45621590188239E-5	7,13870686013252E-5	1,08952903246973E-4
58,2200012207031	8,14315725961023E-8	2,23900428863999E-7	6,02044053721329E-7	1,53496932853159E-6	3,55348265657085E-6	7,55641576688504E-6	1,46870215758099E-5	2,63768743025139E-5	4,45708210463636E-5	7,14121633791365E-5	1,08982159872539E-4
58,3849983215332	8,15881548987818E-8	2,24164949713668E-7	6,02549164341326E-7	1,53614189457585E-6	3,55489987668989E-6	7,55988958189846E-6	1,46914590004599E-5	2,63882393483073E-5	4,45849582320079E-5	7,14358320692554E-5	1,09017215436324E-4
58,5449981689453	8,17229519611828E-8	2,24464585585338E-7	6,03070247962023E-7	1,53706389482977E-6	3,55695669895795E-6	7,56356575948303E-6	1,46970360219711E-5	2,63963847828563E-5	4,45987461716868E-5	7,14610941940919E-5	1,09056651126593E-4
58,7050018310547	8,18228471644034E-8	2,24671765636231E-7	6,03462694925838E-7	1,5385006690849E-6	3,55878387381381E-6	7,565706710011E-6	1,47020991789759E-5	2,64043046627194E-5	4,46114172518719E-5	7,14826601324603E-5	1,09088214230724E-4
58,8699989318848	8,19738801283165E-8	2,24875705612249E-7	6,0387026223907E-7	1,53938049152202E-6	3,56041960003495E-6	7,56915505917277E-6	1,47068822116125E-5	2,64121663349215E-5	4,46261547040194E-5	7,15027053956874E-5	1,09122767753433E-4
59,0299987792969	8,20405006152214E-8	2,25164754397156E-7	6,04169713369629E-7	1,54036388266832E-6	3,56218674824049E-6	7,57212501412141E-6	1,47120936162537E-5	2,64203754340997E-5	4,46357917098794E-5	7,15225905878469E-5	1,09148109913804E-4
59,189998626709		8,21628987068834E-8	2,2548935874056E-7	6,04773674695025E-7	1,54149518039048E-6	3,56371606358152E-6	7,57524139771704E-6	1,47161481436342E-5	2,64289428741904E-5	4,46492194896564E-5	7,15432688593864E-5	1,09192791569512E-4
59,3549995422363	8,23411028250121E-8	2,25679585241778E-7	6,05289756094862E-7	1,54260692397656E-6	3,56575651494495E-6	7,5784046202898E-6	1,472125404689E-5	2,64378686551936E-5	4,46647209173534E-5	7,15610440238379E-5	1,09229440568015E-4
59,5149993896484	8,24597563564566E-8	2,25955886890006E-7	6,05724210345215E-7	1,54368024141149E-6	3,56756549990678E-6	7,58124315325404E-6	1,47262671816861E-5	2,64466470980551E-5	4,46779959020205E-5	7,15888309059665E-5	1,09259963210206E-4
59,6749992370605	8,25657409109226E-8	2,26208982212484E-7	6,06067430908297E-7	1,54473593738658E-6	3,56964710590546E-6	7,58366604713956E-6	1,47310993270366E-5	2,64548980339896E-5	4,46879676019307E-5	7,1608170401305E-5	1,09294516732916E-4
59,8400001525879	8,26507857709657E-8	2,26434636374506E-7	6,06586411322496E-7	1,54569158894446E-6	3,57164799424936E-6	7,58691703595105E-6	1,4735806871613E-5	2,64628470176831E-5	4,47029087808914E-5	7,16278809704818E-5	1,09330030682031E-4
60			8,27952604254278E-8	2,26761855515178E-7	6,06981814144092E-7	1,54655708684004E-6	3,57353110302938E-6	7,58962141844677E-6	1,47420641951612E-5	2,64730806520674E-5	4,47179954790045E-5	7,16514186933637E-5	1,09375512693077E-4