Id_Vd
0			5,13169229332533E-11	-8,41207192792126E-9	-4,15824388255714E-8	-1,33869733076608E-7	-3,36657961952369E-7	-8,22433833036484E-7	-1,56020780650579E-6	-2,45026376433088E-6	-4,37804965258692E-6	-6,6285742832406E-6	-9,06485456653172E-6
0,0900000035762787	1,27368993130261E-9	-2,90269985825375E-9	-2,5322526298055E-8	-9,45943767760582E-8	-2,6390412699584E-7	-6,43153441615141E-7	-1,25590577226831E-6	-2,09657241612149E-6	-3,47299078384822E-6	-5,67600454814965E-6	-8,05061608843971E-6
0,180000007152557	2,46174258755616E-9	2,08417505476177E-9	-1,12715632383242E-8	-6,11596817634563E-8	-1,93688222793753E-7	-4,9580563654672E-7	-1,00820375337207E-6	-1,75112199940486E-6	-2,95163727059844E-6	-4,87490069644991E-6	-7,04490184944007E-6
0,270000010728836	3,586117180987E-9	6,81527145829364E-9	2,11992556842233E-9	-2,90181638717968E-8	-1,25948744766902E-7	-3,38157889245849E-7	-7,81395783633343E-7	-1,41299790357152E-6	-2,44578473029833E-6	-4,11452538173762E-6	-6,07108495387365E-6
0,360000014305115	4,63213511991967E-9	1,12600275770092E-8	1,49518371017621E-8	1,94285543209105E-9	-5,97296789806023E-8	-2,15096093825196E-7	-5,62960224215203E-7	-1,0866721140701E-6	-1,94975109479856E-6	-3,23949689118308E-6	-5,11881762577104E-6
0,449999988079071	5,65602986668523E-9	1,5560688737537E-8	2,72543019264049E-8	3,17351442902236E-8	4,2113725839954E-9	-9,59961923285846E-8	-3,31756211835454E-7	-7,64474350489763E-7	-1,46250840771245E-6	-2,54146561928792E-6	-4,14789428759832E-6
0,540000021457672	6,64556187857102E-9	1,96392750950736E-8	3,91215344563989E-8	6,04873875431622E-8	6,60333867585905E-8	2,10326192018329E-8	-1,27582922004876E-7	-4,51379861488022E-7	-9,8646830792859E-7	-1,87433931841952E-6	-3,08885068989184E-6
0,629999995231628	7,5774302388254E-9	2,35341470755657E-8	5,05302821807163E-8	8,84939126422069E-8	1,25958308672125E-7	1,34413511432285E-7	7,34309253402898E-8	-1,14604475243141E-7	-5,159524789633E-7	-1,19311857815774E-6	-2,16210855796817E-6
0,720000028610229	8,49297965288542E-9	2,72932911826729E-8	6,14924005049033E-8	1,15492156282926E-7	1,83814279353101E-7	2,44738231458541E-7	2,62880320178738E-7	1,88780035159652E-7	-4,53690489621295E-8	-5,34471269020287E-7	-1,2530118738141E-6
0,810000002384186	9,34077171166336E-9	3,0850046073283E-8	7,2032698028579E-8	1,4169462758673E-7	2,40139598872702E-7	3,52826248217752E-7	4,48594789759227E-7	4,83187534427998E-7	4,14900966916321E-7	1,7175669597691E-7	-3,29186434555595E-7
0,899999976158142	1,01791837181509E-8	3,42554287158237E-8	8,22623889007446E-8	1,67044476029332E-7	2,94979145110119E-7	4,57075685744712E-7	6,32237686204462E-7	7,83355972089339E-7	8,69077325660328E-7	8,31323916372639E-7	5,88491275266279E-7
0,990000009536743	1,09688507166084E-8	3,75442645861312E-8	9,21297456102366E-8	1,91629140999794E-7	3,48276586237262E-7	5,57954479063483E-7	8,10673952855723E-7	1,06582456282922E-6	1,30385069496697E-6	1,44977798299806E-6	1,42579688144906E-6
1,08000004291534	1,17134693056187E-8	4,06767242111528E-8	1,01685607489799E-7	2,1559185370279E-7	4,00492695007415E-7	6,57291650441039E-7	9,84632265499386E-7	1,35136849621631E-6	1,72790885244467E-6	2,07612424674153E-6	2,27365421778813E-6
1,16999995708466	1,24640626708583E-8	4,36901963496439E-8	1,1086229534385E-7	2,38722265066826E-7	4,5110897417544E-7	7,53760843963391E-7	1,15285808988119E-6	1,62731453201559E-6	2,14687156585569E-6	2,68296935246326E-6	3,14070166496094E-6
1,25499999523163	1,30887292115744E-8	4,63687541696345E-8	1,19066868364826E-7	2,59577404904121E-7	4,96693701279582E-7	8,41097232751054E-7	1,30895921301999E-6	1,87476234714268E-6	2,52166978498281E-6	3,24799816553423E-6	3,92366291634971E-6
1,34500002861023	1,37799762711666E-8	4,91307936556495E-8	1,27641825997671E-7	2,81351304920463E-7	5,42507279988058E-7	9,33757917209732E-7	1,47241019021749E-6	2,13938028537086E-6	2,93113816951518E-6	3,82581447411212E-6	4,73776481157984E-6
1,43499994277954	1,44381218092349E-8	5,1781590570954E-8	1,35932069156297E-7	3,02543298857927E-7	5,89164244502172E-7	1,0242235930491E-6	1,63089669058536E-6	2,39944847635343E-6	3,32962872562348E-6	4,40133089796291E-6	5,60873832000652E-6
1,52499997615814	1,5023799093683E-8	5,43359846005842E-8	1,4393206981822E-7	3,23137385294103E-7	6,34460548099014E-7	1,11232964172814E-6	1,78666789452109E-6	2,65140079136472E-6	3,7232932754705E-6	4,96982829645276E-6	6,42116629023803E-6
1,61500000953674	1,56411061880135E-8	5,67853177813049E-8	1,51649629742678E-7	3,43030109206666E-7	6,78518631502811E-7	1,19857088520803E-6	1,94265567188268E-6	2,90345997200347E-6	4,11697601521155E-6	5,55371161681251E-6	7,20376601748285E-6
1,70500004291534	1,61967950162989E-8	5,91370294955595E-8	1,5909381545498E-7	3,62278598231569E-7	7,21494529898337E-7	1,28300393953396E-6	2,09081167668046E-6	3,14790804623044E-6	4,49232220489648E-6	6,11754785495577E-6	7,9817136793281E-6
1,79499995708466	1,67414651031095E-8	6,13805184457306E-8	1,66263220080509E-7	3,80972579705485E-7	7,63308776186022E-7	1,36529820338183E-6	2,23839629143185E-6	3,39200755661295E-6	4,87401075588423E-6	6,66477899358142E-6	8,7340185928042E-6
1,88499999046326	1,72807919085471E-8	6,35353529787608E-8	1,73209372178462E-7	3,99133796236129E-7	8,04239277840679E-7	1,44594037010393E-6	2,38402571994811E-6	3,63037383976916E-6	5,23424523635185E-6	7,21020933269756E-6	9,50936737353913E-6
1,97500002384186	1,77783974208978E-8	6,56165752843663E-8	1,79885176976313E-7	4,16836684280497E-7	8,43971179165237E-7	1,52463780977996E-6	2,52610152529087E-6	3,87372438126476E-6	5,60041871722206E-6	7,75002081354614E-6	1,02699568742537E-5
2,06500005722046	1,82623338673693E-8	6,75990889931199E-8	1,86360651355244E-7	4,33822066270295E-7	8,82624590303749E-7	1,60153592787537E-6	2,6684219847084E-6	4,10259417549241E-6	5,95513529333402E-6	8,27655094326474E-6	1,10236205728143E-5
2,15499997138977	1,87188895495183E-8	6,95012687401686E-8	1,92593049064271E-7	4,50379531002909E-7	9,20301829410164E-7	1,6771103901192E-6	2,80501080851536E-6	4,32573642683565E-6	6,31266129857977E-6	8,79508388607064E-6	1,17708386824233E-5
2,24499988555908	1,91687981043742E-8	7,13323231593677E-8	1,98604013235126E-7	4,66429128209711E-7	9,5686880285939E-7	1,75078491793101E-6	2,93863217848411E-6	4,54958490081481E-6	6,65411243971903E-6	9,31092199607519E-6	1,2485688785091E-5
2,33500003814697	1,95912015499289E-8	7,3097773167774E-8	2,04427308858612E-7	4,82071868646017E-7	9,92776222119574E-7	1,822762556003E-6	3,06966830976307E-6	4,77210551252938E-6	6,99679139870568E-6	9,82116580416914E-6	1,32169470816734E-5
2,42499995231628	2,00090184421242E-8	7,47828394764838E-8	2,10049734050699E-7	4,97094561069389E-7	1,0276985449309E-6	1,89310605946957E-6	3,19828541250899E-6	4,9835693971545E-6	7,33216074877419E-6	1,03161637525773E-5	1,39289841172285E-5
2,51500010490417	2,03997512215892E-8	7,64165548616802E-8	2,15432038430663E-7	5,10757502070192E-7	1,0615614201015E-6	1,96180030798132E-6	3,32414674630854E-6	5,17901708008139E-6	7,66130506235641E-6	1,08119475044077E-5	1,46226493598078E-5
2,60500001907349	2,07694537124326E-8	7,79696804897867E-8	2,20620108848379E-7	5,24846086591424E-7	1,09432608041971E-6	2,02931255444128E-6	3,44574186783575E-6	5,38536460226169E-6	7,98994915385265E-6	1,12947263914975E-5	1,53316905198153E-5
2,6949999332428		2,11470627675681E-8	7,94309542584415E-8	2,25678093102033E-7	5,38470885658171E-7	1,12660040940682E-6	2,0949760255462E-6	3,56472196472168E-6	5,58860438104603E-6	8,31526631372981E-6	1,17663685159641E-5	1,60047802637564E-5
2,78500008583069	2,1488796519975E-8	8,09146385449822E-8	2,30453181870871E-7	5,51648895452672E-7	1,15775435460819E-6	2,15882664633682E-6	3,68538985640043E-6	5,78877779844333E-6	8,62534125189995E-6	1,22343508337508E-5	1,66719564731466E-5
2,875			2,18321680733879E-8	8,23187562559724E-8	2,35179399510344E-7	5,64612037123879E-7	1,18829495932005E-6	2,2214276214072E-6	3,80259302801278E-6	5,98405085838749E-6	8,93484775588149E-6	1,27028761198744E-5	1,73291646206053E-5
2,96499991416931	2,21628813079633E-8	8,36563316397587E-8	2,39696504422682E-7	5,77014532154863E-7	1,21808341191354E-6	2,28282829084492E-6	3,91695448342944E-6	6,17789464740781E-6	9,23938750929665E-6	1,31722499645548E-5	1,79860016942257E-5
3,0550000667572		2,24632721312901E-8	8,49519707912805E-8	2,4403374254689E-7	5,89159185437893E-7	1,24684618185711E-6	2,3427089672623E-6	4,02826162826386E-6	6,37347920928732E-6	9,54184088186594E-6	1,36250491777901E-5	1,86252727871761E-5
3,14499998092651	2,27845209366251E-8	8,61710134358873E-8	2,48256469603803E-7	6,00863529598428E-7	1,27491591683793E-6	2,40105714510719E-6	4,13816042055259E-6	6,55654275760753E-6	9,84640155365923E-6	1,40763349918416E-5	1,92739644262474E-5
3,23499989509583	2,30509673571078E-8	8,73561276648616E-8	2,5230184519387E-7	6,12283486134402E-7	1,30233433992544E-6	2,45807314058766E-6	4,24570316681638E-6	6,73882868795772E-6	1,01346222436405E-5	1,45089034049306E-5	1,99120477191173E-5
3,32500004768372	2,33358363743719E-8	8,85081803403409E-8	2,56196699410793E-7	6,23276150690799E-7	1,32894035687059E-6	2,51414212470991E-6	4,35108131568995E-6	6,91962941345992E-6	1,04238815765711E-5	1,49479410538333E-5	2,05255255423253E-5
3,41499996185303	2,36034605194391E-8	8,95922553922901E-8	2,60011972841312E-7	6,33905813174351E-7	1,35494565256522E-6	2,56887710747833E-6	4,45416480943095E-6	7,10043423168827E-6	1,0700502571126E-5	1,53688979480648E-5	2,11453461815836E-5
3,50500011444092	2,38401707264302E-8	9,06545096768241E-8	2,63620762552819E-7	6,44238525637775E-7	1,38005225380766E-6	2,62206685874844E-6	4,55625877293642E-6	7,27393762645079E-6	1,09812617665739E-5	1,58012626343407E-5	2,1761336029158E-5
3,59500002861023	2,41276900680987E-8	9,16783591264903E-8	2,67120867647463E-7	6,54266727906361E-7	1,4045274383534E-6	2,67442169388232E-6	4,65672883365187E-6	7,44774433769635E-6	1,12599636850064E-5	1,62216256285319E-5	2,23764891416067E-5
3,68499994277954	2,43442510594605E-8	9,26614163176964E-8	2,70486765430178E-7	6,64032938857417E-7	1,42843816774985E-6	2,72554279945325E-6	4,7529028961435E-6	7,61403043725295E-6	1,15324764919933E-5	1,66411191457883E-5	2,29769993893569E-5
3,76999998092651	2,45661997411162E-8	9,35518613687236E-8	2,73621679980351E-7	6,73034548981377E-7	1,4508206049868E-6	2,77325921160809E-6	4,84290421809419E-6	7,77125296735903E-6	1,17868466986693E-5	1,70409202837618E-5	2,35649622482015E-5
3,85999989509583	2,48042564265916E-8	9,44487723586462E-8	2,76772283314131E-7	6,82174004396074E-7	1,47350237966748E-6	2,8217675662745E-6	4,93661900691222E-6	7,93253002484562E-6	1,20427021101932E-5	1,74363030964741E-5	2,41182569880039E-5
3,95000004768372	2,49929765772094E-8	9,5338414496382E-8	2,79786490864353E-7	6,91095237925765E-7	1,49552590755775E-6	2,86921317638189E-6	5,02143302583136E-6	8,0896506915451E-6	1,23058225653949E-5	1,78252685145708E-5	2,46909257839434E-5
4,03999996185303	2,52092888786137E-8	9,61504582619455E-8	2,82777790516775E-7	6,99716167673614E-7	1,51688959704188E-6	2,9156437904021E-6	5,11050211571273E-6	8,24804283183767E-6	1,25578926599701E-5	1,82134044734994E-5	2,52623030974064E-5
4,13000011444092	2,54031835567048E-8	9,69716609233728E-8	2,85578494185756E-7	7,07910203345818E-7	1,53767166466423E-6	2,96078314931947E-6	5,19828881806461E-6	8,40255688672187E-6	1,28117681015283E-5	1,8596825611894E-5	2,58045547525398E-5
4,21999979019165	2,55927012915436E-8	9,77443832539393E-8	2,88293847461318E-7	7,15965427389165E-7	1,55795942191617E-6	3,00486817650381E-6	5,28249574927031E-6	8,55391954246443E-6	1,30570451801759E-5	1,89707134268247E-5	2,63450892816763E-5
4,30999994277954	2,57775543133221E-8	9,84860619723804E-8	2,90926465140728E-7	7,23687094250636E-7	1,57765759922768E-6	3,04783998217317E-6	5,36655988980783E-6	8,70207804837264E-6	1,32923096316517E-5	1,93386968021514E-5	2,68798703473294E-5
4,40000009536743	2,59602597196817E-8	9,91881918821491E-8	2,93492178116139E-7	7,3129734801114E-7	1,59681587774685E-6	3,08989979203034E-6	5,44795784662711E-6	8,84698965819553E-6	1,35250074890791E-5	1,97030622075545E-5	2,74213325610617E-5
4,48999977111816	2,61261003942082E-8	9,98664901885604E-8	2,95942072625621E-7	7,38658570753614E-7	1,61550769917085E-6	3,13089753944951E-6	5,52849678570055E-6	8,98913003766211E-6	1,37611459649634E-5	2,00660761038307E-5	2,79555588349467E-5
4,57999992370605	2,62961048491661E-8	1,00531622138078E-7	2,98295475431587E-7	7,45723696127243E-7	1,6336532553396E-6	3,17116132464434E-6	5,607956154563E-6	9,12983068701578E-6	1,39934318212909E-5	2,04295301955426E-5	2,84789621218806E-5
4,67000007629395	2,64653525761105E-8	1,01152622278278E-7	3,0056870059525E-7	7,52591574837425E-7	1,65113146977092E-6	3,21048310070182E-6	5,68507175557897E-6	9,26622942643007E-6	1,4216881027096E-5	2,07798657356761E-5	2,90048901661066E-5
4,76000022888184	2,66052815334206E-8	1,01772407390399E-7	3,02734832757778E-7	7,59223098611983E-7	1,66838469795039E-6	3,24861525768938E-6	5,76253250983427E-6	9,40207792154979E-6	1,44429841384408E-5	2,11224523809506E-5	2,95040645141853E-5
4,84999990463257	2,67669175713081E-8	1,02373689969681E-7	3,0482945589938E-7	7,65747756759083E-7	1,68500366726221E-6	3,28573833030532E-6	5,83579594604089E-6	9,53546532400651E-6	1,46605570989777E-5	2,14632236748002E-5	3,00071551464498E-5
4,94000005722046	2,68965862915138E-8	1,02902511400771E-7	3,06867121935284E-7	7,71943177824141E-7	1,70112502928532E-6	3,32231365973712E-6	5,90699028180097E-6	9,66644620348234E-6	1,48767467180733E-5	2,18030199903296E-5	3,04928998957621E-5
5,03000020980835	2,70373590183226E-8	1,03438893006569E-7	3,08822563965805E-7	7,77974037191598E-7	1,71689646322193E-6	3,35763434122782E-6	5,97618600295391E-6	9,79640935838688E-6	1,50904297697707E-5	2,21281734411605E-5	3,09844472212717E-5
5,11999988555908	2,71825069120268E-8	1,03981662391561E-7	3,10722128915586E-7	7,83864095410536E-7	1,73215221366263E-6	3,39263692694658E-6	6,04510887569631E-6	9,92144850897603E-6	1,52945358422585E-5	2,24566865654197E-5	3,14675344270654E-5
5,21000003814697	2,72957301206134E-8	1,04465101458118E-7	3,12539953029045E-7	7,89547925705847E-7	1,74699243871146E-6	3,42666157848726E-6	6,11315272180946E-6	1,00444849522319E-5	1,55048655869905E-5	2,27803720918018E-5	3,19368155032862E-5
5,30000019073486	2,74369664765572E-8	1,04957067037503E-7	3,14311449756133E-7	7,95038374690193E-7	1,76149251274182E-6	3,45953958458267E-6	6,17972409600043E-6	1,01632949736086E-5	1,57063150254544E-5	2,30918267334346E-5	3,24015672958922E-5
5,3899998664856		2,75562470619661E-8	1,05391166016489E-7	3,15966843800197E-7	8,00135182998929E-7	1,77524634636939E-6	3,49008382727334E-6	6,24211952526821E-6	1,02773428807268E-5	1,58973234647419E-5	2,33913942793151E-5	3,28444548358675E-5
5,48000001907349	2,76548757227602E-8	1,05866270416755E-7	3,1761982199896E-7	8,05199078968144E-7	1,78880839030171E-6	3,5209077395848E-6	6,30577642368735E-6	1,03957991086645E-5	1,60900053742807E-5	2,37017975450726E-5	3,3303633244941E-5
5,57000017166138	2,77927476588502E-8	1,0626869340058E-7	3,19236562518199E-7	8,10212611668248E-7	1,8020647303274E-6	3,55155520992412E-6	6,36837330603157E-6	1,05123826870113E-5	1,62824653671123E-5	2,40054123423761E-5	3,37407218466979E-5
5,65999984741211	2,78840168732586E-8	1,06681085298987E-7	3,20719749424825E-7	8,149842756211E-7	1,81514826635976E-6	3,58170109393541E-6	6,42981376586249E-6	1,06262259578216E-5	1,64749289979227E-5	2,43010144913569E-5	3,41828308592085E-5
5,75			2,80009402331416E-8	1,0708598807696E-7	3,22172809319454E-7	8,19760941794812E-7	1,82770543233346E-6	3,61096908818581E-6	6,48898731014924E-6	1,07344903881312E-5	1,66559912031516E-5	2,45947194343898E-5	3,46191118296701E-5
5,84000015258789	2,81068466279066E-8	1,07461630705075E-7	3,23603444485343E-7	8,24243613806175E-7	1,83994222879846E-6	3,63957110494084E-6	6,54663381283171E-6	1,08432604974951E-5	1,68376154761063E-5	2,48835222009802E-5	3,50470436387695E-5
5,92999982833862	2,81929004586345E-8	1,07821520600737E-7	3,24993209233071E-7	8,28665292829101E-7	1,85181886536157E-6	3,66755625691439E-6	6,60390651319176E-6	1,09497923403978E-5	1,70219009305583E-5	2,51675664912909E-5	3,54844269168098E-5
6,01999998092651	2,83179009130663E-8	1,0818025231174E-7	3,26304359532514E-7	8,3286874996702E-7	1,86334955287748E-6	3,69498798136192E-6	6,66190635456587E-6	1,10541714093415E-5	1,72022428159835E-5	2,54467267950531E-5	3,59033329004887E-5
6,1100001335144	2,83983183635428E-8	1,08511976293357E-7	3,27593795645953E-7	8,36952722238493E-7	1,87453656508296E-6	3,72136696569214E-6	6,71656243866892E-6	1,11527679109713E-5	1,73764983628644E-5	2,57253414019942E-5	3,63219260179903E-5
6,19999980926514	2,84938774797183E-8	1,08828764666669E-7	3,28827752582583E-7	8,40943357616197E-7	1,88535750567098E-6	3,74710566575232E-6	6,76638592267409E-6	1,12526586235617E-5	1,7549089534441E-5	2,59934149653418E-5	3,67353859473951E-5
6,28499984741211	2,85778281039484E-8	1,09134120407361E-7	3,29945322619096E-7	8,44580597458844E-7	1,89573688658129E-6	3,77084734282107E-6	6,81660867485334E-6	1,134613648901E-5	1,77099154825555E-5	2,62504217971582E-5	3,71045134670567E-5
6,375			2,86563945905982E-8	1,09462646946668E-7	3,31090234340081E-7	8,48353295168636E-7	1,90603088867647E-6	3,79522543880739E-6	6,87036117597017E-6	1,14409340312704E-5	1,78792852238985E-5	2,65107737504877E-5	3,74967676179949E-5
6,46500015258789	2,87385368835658E-8	1,09754708432774E-7	3,32150960957733E-7	8,5193175891618E-7	1,91588537745702E-6	3,81922245651367E-6	6,91999912305619E-6	1,15398152047419E-5	1,80450624611694E-5	2,67737414105795E-5	3,7889534723945E-5
6,55499982833862	2,8818492481264E-8	1,1002485678091E-7	3,33233629135066E-7	8,55418932133034E-7	1,92559855349828E-6	3,84256372853997E-6	6,97041650710162E-6	1,16306382551556E-5	1,82053590833675E-5	2,70304990408476E-5	3,82868383894674E-5
6,64499998092651	2,88924315583472E-8	1,10299502864564E-7	3,34284180780742E-7	8,58779458212666E-7	1,93495020539558E-6	3,86490592063637E-6	7,01713588568964E-6	1,17217514343793E-5	1,83629090315662E-5	2,72819270321634E-5	3,86503234039992E-5
6,7350001335144		2,89767623229409E-8	1,1057486659638E-7	3,35263194983781E-7	8,6195029780356E-7	1,9441174572421E-6	3,88739863410592E-6	7,06431819708087E-6	1,18111529445741E-5	1,85147109732497E-5	2,75272541330196E-5	3,90491768484935E-5
6,82499980926514	2,90552026882551E-8	1,10825531862702E-7	3,36236468001516E-7	8,65109768710681E-7	1,95309030459612E-6	3,90891000279225E-6	7,10890071786707E-6	1,18929165182635E-5	1,86632569239009E-5	2,77672716038069E-5	3,94140261050779E-5
6,91499996185303	2,91246848860283E-8	1,1105316133353E-7	3,37139539396958E-7	8,68141000864853E-7	1,96174323718878E-6	3,92992433262407E-6	7,1547246989212E-6	1,19766991701908E-5	1,88098874787102E-5	2,80087169812759E-5	3,97726544179022E-5
7,00500011444092	2,91925683626459E-8	1,11299421234889E-7	3,38025358814775E-7	8,71124768764275E-7	1,97016765923763E-6	3,9505089262093E-6	7,19926129022497E-6	1,20600398076931E-5	1,89581278391415E-5	2,82499404420378E-5	4,01309953304008E-5
7,09499979019165	2,92689907865906E-8	1,11513877243397E-7	3,3888485972966E-7	8,74071815815114E-7	1,97818872038624E-6	3,97064104618039E-6	7,24255778550287E-6	1,2141298611823E-5	1,910076571221E-5	2,84800644294592E-5	4,04965176130645E-5
7,18499994277954	2,93265287609756E-8	1,11734614449688E-7	3,39676176963621E-7	8,76790522852389E-7	1,98606403500889E-6	3,99018699681619E-6	7,28472605260322E-6	1,22223045764258E-5	1,92391671589576E-5	2,87085367745021E-5	4,082193117938E-5
7,27500009536743	2,94109856469049E-8	1,11944061131908E-7	3,40470961646133E-7	8,7951389105001E-7	1,99380542653671E-6	4,00915087084286E-6	7,32568378225551E-6	1,23018735393998E-5	1,93820596905425E-5	2,89371564576868E-5	4,1183036955772E-5
7,36499977111816	2,94621269603113E-8	1,12142757302536E-7	3,41224762223646E-7	8,82022334280919E-7	2,0012025743199E-6	4,02755904360674E-6	7,36646870791446E-6	1,23822446767008E-5	1,95171833183849E-5	2,91557862510672E-5	4,1514645999996E-5
7,45499992370605	2,95274045214455E-8	1,12319739287159E-7	3,41988993568521E-7	8,84520261479338E-7	2,0085237792955E-6	4,04583033741801E-6	7,40462928661145E-6	1,24602602227242E-5	1,96537966985488E-5	2,93750254058978E-5	4,18390627601184E-5
7,54500007629395	2,95867490507362E-8	1,12500046611785E-7	3,42730231750465E-7	8,86856241777423E-7	2,0155237052677E-6	4,06342678616056E-6	7,44298313293257E-6	1,25344276966644E-5	1,97885019588284E-5	2,95823156193364E-5	4,2156516428804E-5
7,63500022888184	2,96310798120203E-8	1,12680986319447E-7	3,43368640187691E-7	8,89320062924526E-7	2,02236219593033E-6	4,08046662414563E-6	7,48008369555464E-6	1,26071281556506E-5	1,99199967028107E-5	2,97989190585213E-5	4,24857935286127E-5
7,72499990463257	2,97060314125019E-8	1,12877025060243E-7	3,44059685630782E-7	8,91504612354765E-7	2,02896308110212E-6	4,0971472117235E-6	7,51736570236972E-6	1,26779850688763E-5	2,00525082618697E-5	3,00075334962457E-5	4,28044004365802E-5
7,81500005722046	2,97550730721241E-8	1,13050525385461E-7	3,44696843512793E-7	8,93724973138887E-7	2,03544891519414E-6	4,11346854889416E-6	7,55195515012019E-6	1,27489429360139E-5	2,01770471903728E-5	3,02141870633932E-5	4,31176194979344E-5
7,90500020980835	2,97981816999027E-8	1,13192811568297E-7	3,45328430739755E-7	8,95877519724309E-7	2,04169191420078E-6	4,12943199989968E-6	7,58809619583189E-6	1,28168821902364E-5	2,03012550628046E-5	3,04155000776518E-5	4,34364737884607E-5
7,99499988555908	2,9876410678753E-8	1,13362105480519E-7	3,45911757904105E-7	8,97902680208063E-7	2,04781781576457E-6	4,14487021771492E-6	7,62155468692072E-6	1,28866249724524E-5	2,04178322746884E-5	3,0614850402344E-5	4,37364578829147E-5
8,08500003814697	2,99004270232217E-8	1,13486763098081E-7	3,46524046790364E-7	8,99874464721506E-7	2,05376250050904E-6	4,16003194914083E-6	7,65574441174977E-6	1,29536010717857E-5	2,05433298106072E-5	3,08115013467614E-5	4,40623443864752E-5
8,17500019073486	2,99597289199482E-8	1,13642300902939E-7	3,47039929238235E-7	9,01790656371304E-7	2,059348844341E-6	4,17462524637813E-6	7,68807603890309E-6	1,30166436065338E-5	2,0656363631133E-5	3,10011819237843E-5	4,43733551946934E-5
8,26500034332275	3,00277811504657E-8	1,13783784172483E-7	3,47590543015031E-7	9,03636191651458E-7	2,06504751076864E-6	4,18892977904761E-6	7,7198856160976E-6	1,30802627609228E-5	2,07717330340529E-5	3,11908552248497E-5	4,46427839051466E-5
8,35499954223633	3,00657205798416E-8	1,1393687771033E-7	3,48107107583928E-7	9,05467118172965E-7	2,07023890652636E-6	4,2027750168927E-6	7,75095486460486E-6	1,31407778098946E-5	2,0880423107883E-5	3,13769523927476E-5	4,49184117314871E-5
8,44499969482422	3,01270439706514E-8	1,14089473868262E-7	3,4859502306972E-7	9,07202093003434E-7	2,07555058295839E-6	4,21622007706901E-6	7,78148569224868E-6	1,32031018438283E-5	2,09915233426727E-5	3,15859433612786E-5	4,52022795798257E-5
8,53499984741211	3,01581657424776E-8	1,14185112920495E-7	3,49077907912942E-7	9,08746415007045E-7	2,08051528716169E-6	4,22922130383085E-6	7,81084690970602E-6	1,32625400510733E-5	2,11001752177253E-5	3,17563171847723E-5	4,54831388196908E-5
8,625			3,02052747258585E-8	1,14306203613523E-7	3,49541267041786E-7	9,10444839519187E-7	2,08538199331088E-6	4,24203017246327E-6	7,83955783845158E-6	1,33211242427933E-5	2,12057348107919E-5	3,19241189572494E-5	4,57483329228126E-5
8,71500015258789	3,02480884784018E-8	1,14447480825675E-7	3,49929109688674E-7	9,12065786451421E-7	2,09023528441321E-6	4,2546371332719E-6	7,86827149568126E-6	1,33817320602247E-5	2,13053190236678E-5	3,20939980156254E-5	4,60216397186741E-5
8,80000019073486	3,02866602908125E-8	1,14527900052508E-7	3,50333209553355E-7	9,13506312372192E-7	2,09462950806483E-6	4,26623637395096E-6	7,89422210800694E-6	1,34309375425801E-5	2,13980019907467E-5	3,22456071444321E-5	4,62748284917325E-5
8,89000034332275	3,03294775960694E-8	1,14639277626338E-7	3,50786336866804E-7	9,14942233976035E-7	2,09905715564673E-6	4,27830173066468E-6	7,92212449596263E-6	1,34857955345069E-5	2,14994142879732E-5	3,24095635733102E-5	4,65432567580137E-5
8,97999954223633	3,03726714889763E-8	1,14738071488318E-7	3,51161190792482E-7	9,16413512186409E-7	2,10344728657219E-6	4,28991097578546E-6	7,94788593339035E-6	1,35379832499893E-5	2,15948693949031E-5	3,25797336699907E-5	4,68080324935727E-5
9,06999969482422	3,04183025434668E-8	1,14851260946125E-7	3,51571685541785E-7	9,17846080028539E-7	2,10776306630578E-6	4,30132331530331E-6	7,97405482444447E-6	1,35893378683249E-5	2,1691803340218E-5	3,27328671119176E-5	4,70587838208303E-5
9,15999984741211	3,04431182485132E-8	1,14955476249179E-7	3,51951854327126E-7	9,19082594919018E-7	2,11195651900198E-6	4,31220496466267E-6	7,99942972662393E-6	1,36450662466814E-5	2,17849192267749E-5	3,28957357851323E-5	4,73064283141866E-5
9,25			3,04817717733386E-8	1,15070385220406E-7	3,52268727965566E-7	9,20364072953817E-7	2,11582164411084E-6	4,32314482168294E-6	8,02388694864931E-6	1,36935941554839E-5	2,18761451833416E-5	3,3044572774088E-5	4,75550878036302E-5
9,34000015258789	3,05117602295013E-8	1,15163928171569E-7	3,52587136376314E-7	9,21702053346962E-7	2,11964402296871E-6	4,3331488086551E-6	8,04855517344549E-6	1,37470224217395E-5	2,19700013985857E-5	3,3198251912836E-5	4,78013389511034E-5
9,43000030517578	3,05592458005322E-8	1,15249093823877E-7	3,52938343439746E-7	9,22872970932076E-7	2,12320173886837E-6	4,34291405326803E-6	8,07147353043547E-6	1,37951419674209E-5	2,20575821003877E-5	3,33550487994216E-5	4,80413436889648E-5
9,52000045776367	3,05950358381324E-8	1,15327452476777E-7	3,53308962530718E-7	9,23984543987899E-7	2,12691111300956E-6	4,35265747000813E-6	8,09536686574575E-6	1,38438299472909E-5	2,2147634808789E-5	3,35001277562696E-5	4,82768264191691E-5
9,60999965667725	3,06210736766843E-8	1,15392595034791E-7	3,53559329369091E-7	9,25150459352153E-7	2,13047428587743E-6	4,36246091339854E-6	8,11764584796038E-6	1,38783188958769E-5	2,2231452021515E-5	3,36424709530547E-5	4,85067102999892E-5
9,69999980926514	3,06715861597695E-8	1,15468388628415E-7	3,53831069332955E-7	9,26206610074587E-7	2,13382850233756E-6	4,37156813859474E-6	8,1391508501838E-6	1,39243911689846E-5	2,23195147555089E-5	3,37883793690708E-5	4,87434917886276E-5
9,78999996185303	3,06899252677795E-8	1,15565590874667E-7	3,54134670033091E-7	9,27181133647537E-7	2,13709176932753E-6	4,38066126662306E-6	8,15995736047626E-6	1,39736466735485E-5	2,24020623136312E-5	3,39310718118213E-5	4,89648446091451E-5
9,88000011444092	3,07214271799694E-8	1,15637178055295E-7	3,54377135636241E-7	9,28272584133083E-7	2,14039641832642E-6	4,38921142631443E-6	8,1807565948111E-6	1,40189404191915E-5	2,24794675887097E-5	3,40700389642734E-5	4,91873906867113E-5
9,97000026702881	3,0773328774103E-8	1,15691229041204E-7	3,54670049773631E-7	9,29265581817162E-7	2,1435530470626E-6	4,39786981587531E-6	8,20114564703545E-6	1,40611173264915E-5	2,25609146582428E-5	3,42085659212898E-5	4,93933875986841E-5
10,0600004196167	3,0770298309335E-8	1,15770504294233E-7	3,54901658283779E-7	9,30306157442828E-7	2,14654141927895E-6	4,40605163021246E-6	8,22132642497309E-6	1,41025084303692E-5	2,26413885684451E-5	3,43428691849113E-5	4,96053180540912E-5
10,1499996185303	3,08355332379051E-8	1,15836286340709E-7	3,55148983999243E-7	9,31224292344268E-7	2,14950159715954E-6	4,41425027020159E-6	8,24094331619563E-6	1,41424106914201E-5	2,27192776947049E-5	3,44750078511424E-5	4,98131375934463E-5
10,2399997711182	3,08568992579694E-8	1,15913636022924E-7	3,55405916252494E-7	9,32020896016184E-7	2,15244813261961E-6	4,42214650320238E-6	8,25953793537337E-6	1,41826485560159E-5	2,27949931286275E-5	3,46060696756467E-5	5,00037604069803E-5
10,3299999237061	3,08846175300914E-8	1,1596809912362E-7	3,55621921244165E-7	9,3278003987507E-7	2,15506338463456E-6	4,42987902715686E-6	8,27810708869947E-6	1,42249937198358E-5	2,28707740461687E-5	3,47369641531259E-5	5,02038383274339E-5
10,4200000762939	3,09311367630016E-8	1,1602483596107E-7	3,55848982280804E-7	9,33678904857516E-7	2,15777049561439E-6	4,43710314357304E-6	8,29549389891326E-6	1,42617291203351E-5	2,29431461775675E-5	3,48569883499295E-5	5,04069466842338E-5
10,5100002288818	3,09435854717321E-8	1,16098107127982E-7	3,56072490603765E-7	9,34483011860721E-7	2,16026160160254E-6	4,44461102233618E-6	8,31331908557331E-6	1,42997041621129E-5	2,3015421902528E-5	3,49813963111956E-5	5,05975222040433E-5
10,6000003814697	3,0979080634097E-8	1,1616418049698E-7	3,56279684865513E-7	9,35232549181819E-7	2,16269631891919E-6	4,4513958528114E-6	8,33155627333326E-6	1,43371744343312E-5	2,30860659939935E-5	3,51045600837097E-5	5,07843687955756E-5
10,6899995803833	3,10037293616006E-8	1,16223944246485E-7	3,56464084916297E-7	9,35970717819146E-7	2,16510511563683E-6	4,45804698756547E-6	8,34828733786708E-6	1,43748220580164E-5	2,31519206863595E-5	3,52226306858938E-5	5,09799901919905E-5
10,7799997329712	3,10359880018041E-8	1,16266555494349E-7	3,56648143906568E-7	9,3671849299426E-7	2,16739272218547E-6	4,46479452875792E-6	8,36550589156104E-6	1,44118057505693E-5	2,32207185035804E-5	3,53408722730819E-5	5,11648540850729E-5
10,8699998855591	3,10507530798532E-8	1,16320563847694E-7	3,56838796733427E-7	9,37343884288566E-7	2,16973580791091E-6	4,47136926595704E-6	8,3833856479032E-6	1,44461255331407E-5	2,32838065130636E-5	3,54532130586449E-5	5,13506856805179E-5
10,960000038147		3,10877652509589E-8	1,16372369518558E-7	3,5700830380847E-7	9,38091773150518E-7	2,17195952245675E-6	4,47748698206851E-6	8,39627227833262E-6	1,44778341564233E-5	2,33488663070602E-5	3,55626325472258E-5	5,15344581799582E-5
11,0500001907349	3,11106056471999E-8	1,16414604178772E-7	3,5718196045309E-7	9,38787820814468E-7	2,17416300074547E-6	4,48376158601604E-6	8,4127304944559E-6	1,45078520290554E-5	2,34125855058664E-5	3,56741657014936E-5	5,17197440785822E-5
11,1400003433228	3,11376062711588E-8	1,16460157073561E-7	3,57310824483648E-7	9,39337951422203E-7	2,17625097320706E-6	4,48982973466627E-6	8,42557074065553E-6	1,45409485412529E-5	2,34748804359697E-5	3,57883254764602E-5	5,18958586326335E-5
11,2299995422363	3,11715062650819E-8	1,16493929169792E-7	3,57465694378334E-7	9,39983124226274E-7	2,17817455450131E-6	4,49575099992217E-6	8,43934230942978E-6	1,45748108479893E-5	2,35338811762631E-5	3,59024743374903E-5	5,20674839208368E-5
11,3149995803833	3,11815995246434E-8	1,16530479488119E-7	3,57628522351661E-7	9,40569066187891E-7	2,18010018215864E-6	4,50165998699958E-6	8,45343492983375E-6	1,46059510370833E-5	2,35915395023767E-5	3,59915466106031E-5	5,22285154147539E-5
11,4049997329712	3,12173504823932E-8	1,16586122089757E-7	3,57784188054211E-7	9,41189455261338E-7	2,18213131120137E-6	4,5072106331645E-6	8,46739567350596E-6	1,46342572406866E-5	2,36461364693241E-5	3,6099438148085E-5	5,23963135492522E-5
11,4949998855591	3,12294616833242E-8	1,16607871802898E-7	3,57935562078637E-7	9,41625103223487E-7	2,1839662167622E-6	4,51227924713749E-6	8,48114905238617E-6	1,46614574987325E-5	2,37027979892446E-5	3,62024875357747E-5	5,25713403476402E-5
11,585000038147		3,12668113622294E-8	1,16650511472471E-7	3,58105353370775E-7	9,42174040119426E-7	2,18564605347638E-6	4,5172882892075E-6	8,49459502205718E-6	1,46907350426773E-5	2,37601343542337E-5	3,63048529834487E-5	5,27339725522324E-5
11,6750001907349	3,12917549649683E-8	1,16693371410292E-7	3,58198178673774E-7	9,42616509291838E-7	2,18743116420228E-6	4,52256608696189E-6	8,5074279922992E-6	1,47171649587108E-5	2,38155007536989E-5	3,64019906555768E-5	5,28831478732172E-5
11,7650003433228	3,12913748246046E-8	1,16733708921402E-7	3,58315759285688E-7	9,43126224228763E-7	2,1892217318964E-6	4,52755239166436E-6	8,51988534122938E-6	1,47486889545689E-5	2,38718112086644E-5	3,64962252206169E-5	5,304278965923E-5
11,8549995422363	3,13301953269729E-8	1,16755792589629E-7	3,58438967396069E-7	9,43675161124702E-7	2,19063053918944E-6	4,53221446150565E-6	8,53264646138996E-6	1,4776556781726E-5	2,392696296738E-5	3,65921150660142E-5	5,31943223904818E-5
11,9449996948242	3,13551389297118E-8	1,16790616289109E-7	3,58573004177742E-7	9,43998998081952E-7	2,19231560549815E-6	4,53694883617572E-6	8,5440060502151E-6	1,48020963024464E-5	2,39819510170491E-5	3,6684035876533E-5	5,33441343577579E-5
12,0349998474121	3,13600558854432E-8	1,16832502783382E-7	3,58681120360416E-7	9,44520934353932E-7	2,19383241528703E-6	4,54161636298522E-6	8,55539565236541E-6	1,48241979331942E-5	2,40315348492004E-5	3,67747197742574E-5	5,3496376494877E-5
12,125			3,14106145538062E-8	1,16896607949002E-7	3,58794579824462E-7	9,44901159982692E-7	2,19530920730904E-6	4,54628934676293E-6	8,56644874147605E-6	1,48500521390815E-5	2,40818135353038E-5	3,6864588764729E-5	5,3649717301596E-5
12,2150001525879	3,14113712818198E-8	1,16911238023931E-7	3,58898574859268E-7	9,45329759360902E-7	2,19674575419049E-6	4,55041345048812E-6	8,57825125422096E-6	1,48755816553603E-5	2,41347061091801E-5	3,69510853488464E-5	5,3799943998456E-5
12,3050003051758	3,14404751122765E-8	1,16946530681616E-7	3,58967980673697E-7	9,45767624216387E-7	2,19799358092132E-6	4,55456438430701E-6	8,58916610013694E-6	1,48991221067263E-5	2,41780835494865E-5	3,70344896509778E-5	5,39502580068074E-5
12,3950004577637	3,14731138928437E-8	1,16986697662469E-7	3,59084282308686E-7	9,46143643432151E-7	2,19943694901303E-6	4,5585829866468E-6	8,59987812873442E-6	1,4923785784049E-5	2,4224626031355E-5	3,71159512724262E-5	5,41010304004885E-5
12,4849996566772	3,14747090612855E-8	1,17006386801677E-7	3,59183076170666E-7	9,46491411468742E-7	2,20076231016719E-6	4,56260659120744E-6	8,60976615513209E-6	1,49480665641022E-5	2,42672667809529E-5	3,72035683540162E-5	5,42340276297182E-5
12,5749998092651	3,1513028631025E-8	1,17056721649078E-7	3,59254840986978E-7	9,46833381476608E-7	2,20187234845071E-6	4,5664828576264E-6	8,61968874232844E-6	1,49692987179151E-5	2,43122976826271E-5	3,72872818843462E-5	5,43751739314757E-5
12,664999961853		3,15254773397555E-8	1,17088056583725E-7	3,59350735834596E-7	9,47159321640356E-7	2,20297124542412E-6	4,56985208074912E-6	8,62934484757716E-6	1,49917495946283E-5	2,43563772528432E-5	3,73698312614579E-5	5,45037546544336E-5
12,7550001144409	3,15426369468241E-8	1,17107454400411E-7	3,59437507313487E-7	9,47528690176114E-7	2,20411743612203E-6	4,57383384855348E-6	8,63943932927214E-6	1,50129180838121E-5	2,44030070462031E-5	3,74463670596015E-5	5,46295232197735E-5
12,8450002670288	3,15608055245775E-8	1,1713856906681E-7	3,59506998393044E-7	9,47796138461854E-7	2,20515244109265E-6	4,57717442259309E-6	8,64904995978577E-6	1,50337418745039E-5	2,44430957536679E-5	3,75220915884711E-5	5,47581039427314E-5
12,9350004196167	3,15801145234218E-8	1,17139585142922E-7	3,59601330046644E-7	9,48240256093413E-7	2,20633774006274E-6	4,57999885838944E-6	8,65873244038085E-6	1,50547966768499E-5	2,44872026087251E-5	3,75989657186437E-5	5,48977368453052E-5
13,0249996185303	3,16011856682508E-8	1,17144708156047E-7	3,59648623771136E-7	9,48494687236234E-7	2,20772358261456E-6	4,58352587884292E-6	8,66699247126235E-6	1,50777368617128E-5	2,45250193984248E-5	3,76729294657707E-5	5,50125296285842E-5
13,1149997711182	3,16244417319922E-8	1,17186942816261E-7	3,59707456709657E-7	9,48674312439834E-7	2,20845026888128E-6	4,58680187875871E-6	8,67597191245295E-6	1,5095384696906E-5	2,45657447521808E-5	3,77439864678308E-5	5,51420380361378E-5
13,2049999237061	3,16390362797847E-8	1,17205829042177E-7	3,59782291070587E-7	9,48956085267127E-7	2,20955848817539E-6	4,58978138340171E-6	8,68437564349733E-6	1,51154554259847E-5	2,4604014470242E-5	3,781394843827E-5	5,52644814888481E-5
13,2950000762939	3,16478718787039E-8	1,17233547314299E-7	3,59824412043963E-7	9,49236721226043E-7	2,21048821913428E-6	4,59273587694042E-6	8,69067207531771E-6	1,51325139086111E-5	2,46409053943353E-5	3,78891309082974E-5	5,53902063984424E-5
13,3850002288818	3,16765138563824E-8	1,17252298537096E-7	3,59891998868989E-7	9,49497007241007E-7	2,21132586375461E-6	4,59569537269999E-6	8,70028634381015E-6	1,51508138515055E-5	2,46824984060368E-5	3,79586672352161E-5	5,55096667085309E-5
13,4750003814697	3,16990167448239E-8	1,17275895661351E-7	3,59963564733334E-7	9,49793559357204E-7	2,21223649532476E-6	4,59835064248182E-6	8,7075459305197E-6	1,51690637721913E-5	2,47134739765897E-5	3,8025711546652E-5	5,5625172535656E-5
13,5649995803833	3,17140305128305E-8	1,17319338244215E-7	3,60011256361759E-7	9,50120295328816E-7	2,21316440729424E-6	4,60080400443985E-6	8,71571774041513E-6	1,51871117850533E-5	2,47503994614817E-5	3,80942001356743E-5	5,57413150090724E-5
13,6549997329712	3,17358157531089E-8	1,17300757551675E-7	3,60071993554811E-7	9,50223750351142E-7	2,21397385757882E-6	4,60343926533824E-6	8,72321288625244E-6	1,52055627040681E-5	2,4786064386717E-5	3,81560967070982E-5	5,58492502023E-5
13,7399997711182	3,17446051667503E-8	1,17329562954183E-7	3,60096606755178E-7	9,50388596265839E-7	2,2146537048684E-6	4,60621095044189E-6	8,72942564456025E-6	1,52205448102904E-5	2,48193045990774E-5	3,82127473130822E-5	5,59495856577996E-5
13,8299999237061	3,17721138287652E-8	1,17347646266808E-7	3,60149954303779E-7	9,50682704115025E-7	2,21542245526507E-6	4,60901628684951E-6	8,73586850502761E-6	1,52390584844397E-5	2,48559208557708E-5	3,8278700230876E-5	5,60597582079936E-5
13,9200000762939	3,17884314426919E-8	1,17369388874522E-7	3,60190284709461E-7	9,50817309330887E-7	2,21624918594898E-6	4,6111904339341E-6	8,74192119226791E-6	1,52540960698389E-5	2,48872020165436E-5	3,83422811864875E-5	5,61619017389603E-5
14,0100002288818	3,18095878526492E-8	1,17384793441033E-7	3,6024619021191E-7	9,51030017404264E-7	2,21705613512313E-6	4,61372974314145E-6	8,7488942881464E-6	1,52676602738211E-5	2,49205531872576E-5	3,84025406674482E-5	5,62638342671562E-5
14,1000003814697	3,18312061153847E-8	1,17385333453512E-7	3,60270945520824E-7	9,51223626088904E-7	2,21759114538145E-6	4,61599938716972E-6	8,75482510309666E-6	1,52828470163513E-5	2,49488821282284E-5	3,84596351068467E-5	5,63669818802737E-5
14,1899995803833	3,18244346431129E-8	1,17405484445499E-7	3,60257331522007E-7	9,51422464368079E-7	2,21838058678259E-6	4,61807667306857E-6	8,76022113516228E-6	1,52968750626314E-5	2,49842578341486E-5	3,85204511985648E-5	5,64728652534541E-5
14,2799997329712	3,18527000331414E-8	1,17438922586643E-7	3,6029911143487E-7	9,51584468111832E-7	2,21901223085297E-6	4,62030266135116E-6	8,76703870744677E-6	1,53101736941608E-5	2,50177963607712E-5	3,85760831704829E-5	5,65723603358492E-5
14,3699998855591	3,18755368766688E-8	1,17465788207483E-7	3,60359223350315E-7	9,51786262248788E-7	2,21948562284524E-6	4,62239540865994E-6	8,77555157785537E-6	1,53232122102054E-5	2,50465000135591E-5	3,86363608413376E-5	5,66722737858072E-5
14,460000038147		3,18705772883732E-8	1,17466555593637E-7	3,60395148391035E-7	9,51931781401072E-7	2,22026392293628E-6	4,6245013436419E-6	8,78133505466394E-6	1,533975773782E-5	2,50721914198948E-5	3,86890787922312E-5	5,67711358598899E-5
14,5500001907349	3,19204147558594E-8	1,17490145612464E-7	3,60469442739486E-7	9,52077755300706E-7	2,22079938794195E-6	4,6264271986729E-6	8,78666833159514E-6	1,53512864926597E-5	2,5104276573984E-5	3,87435284210369E-5	5,68554569326807E-5
14,6400003433228	3,19093125256131E-8	1,17491445905671E-7	3,60427236500982E-7	9,52216225869051E-7	2,22120479520527E-6	4,62849129689857E-6	8,79210620041704E-6	1,53655018948484E-5	2,51354194915621E-5	3,87936488550622E-5	5,69535623071715E-5
14,7299995422363	3,19348849586731E-8	1,17509451058595E-7	3,6047322282684E-7	9,52277957821934E-7	2,22166545427172E-6	4,63030164610245E-6	8,79748586157802E-6	1,53781911649276E-5	2,51589390245499E-5	3,88456282962579E-5	5,70398151467089E-5
14,8199996948242	3,19515365276857E-8	1,17510168706758E-7	3,6055308783034E-7	9,52462130499043E-7	2,22212543121714E-6	4,63208425571793E-6	8,80235256772721E-6	1,53923283505719E-5	2,51849760388723E-5	3,88918924727477E-5	5,71322925679851E-5
14,9099998474121	3,19457775788123E-8	1,17517309661253E-7	3,6056354701941E-7	9,52580023749761E-7	2,22252788262267E-6	4,6340965127456E-6	8,80796233104775E-6	1,54050176206511E-5	2,52104982791934E-5	3,8947669963818E-5	5,72196804569103E-5
15	3,19873763032774E-8	1,17542427346962E-7	3,60553002565212E-7	9,52623224748095E-7	2,22298353946826E-6	4,63553897134261E-6	8,81227788340766E-6	1,54161971295252E-5	2,52397021540673E-5	3,89939195883926E-5	5,73118995816913E-5
15,0900001525879	3,19933874948219E-8	1,17537247490418E-7	3,60633350737771E-7	9,52778862028936E-7	2,2236349650484E-6	4,63719879917335E-6	8,81725827639457E-6	1,54286717588548E-5	2,52652444032719E-5	3,90417044400238E-5	5,73950419493485E-5
15,1800003051758	3,20134496689661E-8	1,17549703304576E-7	3,60620845185622E-7	9,52910056639666E-7	2,22396283788839E-6	4,63911010228912E-6	8,82227595866425E-6	1,5438643458765E-5	2,52870777330827E-5	3,90857567253988E-5	5,74812111153733E-5
15,2700004577637	3,20233759509847E-8	1,17571190116905E-7	3,60601262627824E-7	9,52942002641066E-7	2,2244682895689E-6	4,64060258309473E-6	8,82592576090246E-6	1,54501303768484E-5	2,53134603553917E-5	3,91330759157427E-5	5,7562421716284E-5
15,3599996566772	3,20427666622436E-8	1,17571993030197E-7	3,60647959496418E-7	9,53067399223073E-7	2,22503854274692E-6	4,64190861748648E-6	8,83026677911403E-6	1,54582394316094E-5	2,53330235864269E-5	3,91731518902816E-5	5,76369493501261E-5
15,4499998092651	3,2057528187579E-8	1,17587561021537E-7	3,60657026021727E-7	9,53173014295317E-7	2,22541962102696E-6	4,64298727820278E-6	8,83677330421051E-6	1,54696335812332E-5	2,53573034569854E-5	3,92211550206412E-5	5,77242062718142E-5
15,539999961853		3,20706519119085E-8	1,1760051421561E-7	3,60675500132857E-7	9,53256346747366E-7	2,22576204578218E-6	4,64450158688123E-6	8,84048768057255E-6	1,54831432155333E-5	2,53800717473496E-5	3,92655165342148E-5	5,78041981498245E-5
15,6300001144409	3,20923945196228E-8	1,17616366424045E-7	3,60719440095636E-7	9,5336991989825E-7	2,22616699829814E-6	4,64585673398688E-6	8,84501696418738E-6	1,54934132297058E-5	2,54008464253275E-5	3,93072077713441E-5	5,78747749386821E-5
15,7200002670288	3,20962669775327E-8	1,17645051034287E-7	3,60700596502284E-7	9,53469054820744E-7	2,22665403271094E-6	4,64724553239648E-6	8,84802921063965E-6	1,55040124809602E-5	2,54216593020828E-5	3,93498921766877E-5	5,79530387767591E-5
15,8100004196167	3,21238573519622E-8	1,17659226361866E-7	3,60733537263513E-7	9,53483834109647E-7	2,2269941837294E-6	4,648303729482E-6	8,85134340933291E-6	1,55123743752483E-5	2,54427432082593E-5	3,93942318623886E-5	5,8031266235048E-5
15,8999996185303	3,2134245486759E-8	1,17641477004327E-7	3,60737658411381E-7	9,53569667672127E-7	2,2274173261394E-6	4,64977938463562E-6	8,85414829099318E-6	1,5522573448834E-5	2,54642636718927E-5	3,94355702155735E-5	5,81039821554441E-5
15,9899997711182	3,21520374768625E-8	1,1765889240678E-7	3,60772816065946E-7	9,53675680648303E-7	2,22769040192361E-6	4,65095945401117E-6	8,8576480266056E-6	1,55302695930004E-5	2,5485058358754E-5	3,94795060856268E-5	5,81695967412088E-5
16,0799999237061	3,21727711138919E-8	1,17656995257676E-7	3,60788391162714E-7	9,5372070063604E-7	2,22782159653434E-6	4,65206721855793E-6	8,8618535301066E-6	1,5540743333986E-5	2,55014147114707E-5	3,95071365346666E-5	5,82447537453845E-5
16,1700000762939	3,216987209953E-8	1,17670715837903E-7	3,60743428018395E-7	9,53854055296688E-7	2,22820085582498E-6	4,65294124296634E-6	8,86398629518226E-6	1,5550907846773E-5	2,55222275882261E-5	3,9547958294861E-5	5,83133078180254E-5
16,2549991607666	3,22057047696944E-8	1,17679029187912E-7	3,60784980557582E-7	9,53911239776062E-7	2,22836206376087E-6	4,65440734842559E-6	8,86729594640201E-6	1,55591569637181E-5	2,55416343861725E-5	3,95879287680145E-5	5,83687942707911E-5
16,3449993133545	3,22017505993699E-8	1,17696195900407E-7	3,60825623602068E-7	9,53842686612916E-7	2,22878975364438E-6	4,65556195194949E-6	8,87013084138744E-6	1,55687921505887E-5	2,5564349925844E-5	3,96233481296804E-5	5,84391564188991E-5
16,4349994659424	3,22116768813885E-8	1,17710960978457E-7	3,60803994681191E-7	9,53901121647505E-7	2,22888274947763E-6	4,65657240056316E-6	8,87184705788968E-6	1,55760135385208E-5	2,55792074312922E-5	3,96584728150629E-5	5,85080124437809E-5
16,5249996185303	3,22456195078757E-8	1,17731190130144E-7	3,60824571998819E-7	9,53959101934743E-7	2,22909307012742E-6	4,65765333501622E-6	8,8748838606989E-6	1,55857214849675E-5	2,55993381870212E-5	3,96952091250569E-5	5,85670677537564E-5
16,6149997711182	3,22171871403043E-8	1,17723743642273E-7	3,60833439572161E-7	9,53982294049638E-7	2,22930452764558E-6	4,65833454654785E-6	8,87861915543908E-6	1,55906182044419E-5	2,56165294558741E-5	3,97297153540421E-5	5,86245660088025E-5
16,7049999237061	3,22700977051227E-8	1,1775394881397E-7	3,60820109790438E-7	9,53983999352204E-7	2,22953667616821E-6	4,65918537884136E-6	8,87932128534885E-6	1,55965990416007E-5	2,5636258214945E-5	3,9757855120115E-5	5,86779533477966E-5
16,7950000762939	3,22692130794167E-8	1,1775306063555E-7	3,60810247457266E-7	9,54027655097889E-7	2,22988842324412E-6	4,66013534605736E-6	8,88192062120652E-6	1,56055448314874E-5	2,5650722818682E-5	3,9791932067601E-5	5,8732766774483E-5
16,8850002288818	3,22676569908253E-8	1,17753856443414E-7	3,60837873358832E-7	9,54076540438109E-7	2,22989933718054E-6	4,66093160866876E-6	8,88536033016862E-6	1,56116966536501E-5	2,56645143963397E-5	3,98214688175358E-5	5,87983340665232E-5
16,9750003814697	3,23135438407007E-8	1,17774092700529E-7	3,60836395429942E-7	9,54170218392392E-7	2,23015626943379E-6	4,66180290459306E-6	8,88860358827515E-6	1,56175356096355E-5	2,56780367635656E-5	3,98501542804297E-5	5,88541988690849E-5
17,0650005340576	3,22964268661963E-8	1,17759455520172E-7	3,60797031362381E-7	9,54190909396857E-7	2,23024267143046E-6	4,66278743260773E-6	8,89095917955274E-6	1,56293281179387E-5	2,56900366366608E-5	3,98863085138146E-5	5,89246483286843E-5
17,1550006866455	3,2316659570597E-8	1,17783429232077E-7	3,60847678848586E-7	9,54225811256038E-7	2,23045230995922E-6	4,66335222881753E-6	8,89296916284366E-6	1,56353307829704E-5	2,57125375355827E-5	3,99210657633375E-5	5,89824885537382E-5
17,2450008392334	3,23425659587429E-8	1,17790662557127E-7	3,60872718374594E-7	9,54246502260503E-7	2,23058441406465E-6	4,66413166577695E-6	8,89545026439009E-6	1,56409205374075E-5	2,5726863896125E-5	3,99488126276992E-5	5,90428462601267E-5
17,3349990844727	3,23516076150554E-8	1,17758652606881E-7	3,60846030389439E-7	9,54238430495025E-7	2,23073811866925E-6	4,66470237370231E-6	8,89835246198345E-6	1,56447349581867E-5	2,5738669137354E-5	3,99764394387603E-5	5,9101188526256E-5
17,4249992370605	3,23634701260289E-8	1,1776491959381E-7	3,60838669166696E-7	9,5426662483078E-7	2,23079155148298E-6	4,6650784497615E-6	8,89984130481025E-6	1,56508558575297E-5	2,57564515777631E-5	4,00046992581338E-5	5,9148562286282E-5
17,5149993896484	3,23688951198164E-8	1,17786115083618E-7	3,6080209042666E-7	9,54303231992526E-7	2,23097572416009E-6	4,66580650027026E-6	8,90144383447478E-6	1,56562455231324E-5	2,5767183615244E-5	4,00361714127939E-5	5,91955977142788E-5
17,6049995422363	3,23943822877482E-8	1,17790534659434E-7	3,60816272859665E-7	9,5435791536147E-7	2,23108531827165E-6	4,66637993667973E-6	8,9042287072516E-6	1,56638307089452E-5	2,57801475527231E-5	4,00632234232035E-5	5,92479736951645E-5
17,6949996948242	3,240115376002E-8	1,17779812569552E-7	3,60777988817063E-7	9,54361212279764E-7	2,23119354814116E-6	4,66693745693192E-6	8,9069453679258E-6	1,56717123900307E-5	2,57954161497764E-5	4,00937497033738E-5	5,92992510064505E-5
17,7849998474121	3,2422434514956E-8	1,17805385002612E-7	3,60813800170945E-7	9,54317556534079E-7	2,23137340071844E-6	4,6673644646944E-6	8,90873343450949E-6	1,56756268552272E-5	2,58126383414492E-5	4,01148208766244E-5	5,9352631069487E-5
17,875			3,24258841999381E-8	1,17820391665191E-7	3,60814169653167E-7	9,5433097158093E-7	2,23146003008878E-6	4,66782694275025E-6	8,91040781425545E-6	1,56767928274348E-5	2,58168602158548E-5	4,01404504373204E-5	5,93982840655372E-5
17,9650001525879	3,2446159536903E-8	1,17829273449388E-7	3,60805870514014E-7	9,54367123995326E-7	2,23139204535983E-6	4,66846131530474E-6	8,91216950549278E-6	1,56826645252295E-5	2,5832339815679E-5	4,01604338549078E-5	5,94567536609247E-5
18,0550003051758	3,24671880491678E-8	1,17828975021439E-7	3,60796690301868E-7	9,54348706727615E-7	2,2316885406326E-6	4,66937308374327E-6	8,91372565092752E-6	1,56884088937659E-5	2,58393847616389E-5	4,01867218897678E-5	5,94997945881914E-5
18,1450004577637	3,24674829244032E-8	1,17846347791328E-7	3,60789385922544E-7	9,54326310420583E-7	2,23154893319588E-6	4,66974233859219E-6	8,91455420060083E-6	1,56925307237543E-5	2,58538184425561E-5	4,02144432882778E-5	5,95462843193673E-5
18,2350006103516	3,24908242532729E-8	1,17854085601721E-7	3,60767728579958E-7	9,54276288211986E-7	2,23148617806146E-6	4,67025756734074E-6	8,91655690793414E-6	1,56991936819395E-5	2,58610816672444E-5	4,02351761294995E-5	5,95901656197384E-5
18,3250007629395	3,24896483050452E-8	1,17839071833714E-7	3,60746383876176E-7	9,54305733102956E-7	2,23174743041454E-6	4,67062773168436E-6	8,92079151526559E-6	1,57035046868259E-5	2,58765103353653E-5	4,02601981477346E-5	5,9641279221978E-5
18,4150009155273	3,25090780961546E-8	1,17840833979699E-7	3,60780035180142E-7	9,54325059865369E-7	2,23187953451998E-6	4,67114023194881E-6	8,92035859578755E-6	1,57074755406938E-5	2,58852633123752E-5	4,02835321438033E-5	5,96746540395543E-5
18,5049991607666	3,25304441162189E-8	1,17847228864321E-7	3,60765028517562E-7	9,54278789322416E-7	2,23185952563654E-6	4,67174686491489E-6	8,92109801498009E-6	1,57102585944813E-5	2,58947839029133E-5	4,03057056246325E-5	5,97210600972176E-5
18,5949993133545	3,25160627312471E-8	1,17858832027196E-7	3,60780290975526E-7	9,54223764892959E-7	2,23184542846866E-6	4,67211475552176E-6	8,9234117695014E-6	1,57160975504667E-5	2,59082316915737E-5	4,03282174374908E-5	5,97574180574156E-5
18,6849994659424	3,25446620763614E-8	1,17868466986693E-7	3,60789954356733E-7	9,54234565142542E-7	2,23192068915523E-6	4,67221980215982E-6	8,92480329639511E-6	1,57221547851805E-5	2,59166463365546E-5	4,0351296775043E-5	5,98059268668294E-5
18,7700004577637	3,25480264962152E-8	1,17863251603012E-7	3,60759457862514E-7	9,5421819423791E-7	2,2320052721625E-6	4,67259906145046E-6	8,92514890438179E-6	1,57274789671646E-5	2,59211028605932E-5	4,03729427489452E-5	5,98398437432479E-5
18,8600006103516	3,2553327145024E-8	1,17850220249238E-7	3,60760310513797E-7	9,54241272665968E-7	2,23211850425287E-6	4,67297832074109E-6	8,92707521416014E-6	1,5731857274659E-5	2,59372573054861E-5	4,03947306040209E-5	5,98770893702749E-5
18,9500007629395	3,25884030871748E-8	1,17876503225034E-7	3,60824913059332E-7	9,54268216446508E-7	2,23201027438336E-6	4,67333802589565E-6	8,92762182047591E-6	1,57346457854146E-5	2,59450498560909E-5	4,04107559006661E-5	5,99213926761877E-5
19,0400009155273	3,25651008381556E-8	1,17879785932473E-7	3,60731036153084E-7	9,54141682996124E-7	2,23189499592991E-6	4,67355584987672E-6	8,92893422133056E-6	1,57376780407503E-5	2,59574662777595E-5	4,04279307986144E-5	5,99549348407891E-5
19,1299991607666	3,26037117304168E-8	1,1788420550829E-7	3,60691075229624E-7	9,54143388298689E-7	2,23193546844414E-6	4,67396603198722E-6	8,92988828127272E-6	1,57427930389531E-5	2,59648059000028E-5	4,0440158045385E-5	5,9993690229021E-5
19,2199993133545	3,26082130186478E-8	1,17889456419107E-7	3,60700198598352E-7	9,5408995548496E-7	2,23197594095836E-6	4,67409290649812E-6	8,93127344170352E-6	1,57439844770124E-5	2,59731459664181E-5	4,04539387091063E-5	6,00226048845798E-5
19,3099994659424	3,26143094753206E-8	1,17881178596235E-7	3,6068431086278E-7	9,54210690906621E-7	2,23206552618649E-6	4,67444988316856E-6	8,93144533620216E-6	1,57474369189003E-5	2,59821463259868E-5	4,04716010962147E-5	6,00613639107905E-5
19,3999996185303	3,26303783992898E-8	1,17890046169578E-7	3,60695651124843E-7	9,54223764892959E-7	2,23206029659195E-6	4,67470499643241E-6	8,93281230673892E-6	1,57525428221561E-5	2,59875978372293E-5	4,04943602916319E-5	6,00989005761221E-5
19,4899997711182	3,26412283868649E-8	1,17911575614471E-7	3,60696162715612E-7	9,54210690906621E-7	2,23204347093997E-6	4,67469499199069E-6	8,9339819169254E-6	1,57548602146562E-5	2,59979951806599E-5	4,0521590563003E-5	6,01392930548172E-5
19,5799999237061	3,26509876913406E-8	1,1790426412972E-7	3,60699914381257E-7	9,54137021835777E-7	2,23197616833204E-6	4,67465224573971E-6	8,93609285412822E-6	1,57562553795287E-5	2,60070046351757E-5	4,05327082262374E-5	6,01823776378296E-5
19,6700000762939	3,26530908978384E-8	1,17916755471015E-7	3,60618855665962E-7	9,54123152041575E-7	2,23209667638002E-6	4,67509516965947E-6	8,93785090738675E-6	1,57601753016934E-5	2,60159631579882E-5	4,05467835662421E-5	6,02129803155549E-5
19,7600002288818	3,26683142759521E-8	1,1791448173426E-7	3,6060748698219E-7	9,54037773226446E-7	2,23210872718482E-6	4,675419859268E-6	8,9386967374594E-6	1,57659414981026E-5	2,60244742094073E-5	4,05612627218943E-5	6,02400505158585E-5
19,8500003814697	3,26778639703207E-8	1,17918013131657E-7	3,60639006657948E-7	9,53976382334076E-7	2,23213783101528E-6	4,67523523184354E-6	8,93995820661075E-6	1,57697904796805E-5	2,60324231931008E-5	4,05784412578214E-5	6,02629552304279E-5
19,9400005340576	3,26985158949356E-8	1,17923988796065E-7	3,60618400918611E-7	9,54008328335476E-7	2,23205142901861E-6	4,6758032112848E-6	8,93871310836403E-6	1,57693575602025E-5	2,60400374827441E-5	4,05924693041015E-5	6,03048647462856E-5
20,0300006866455	3,26984732623714E-8	1,17952168920965E-7	3,60614023975359E-7	9,5402560873481E-7	2,2319829895423E-6	4,67593372377451E-6	8,93952528713271E-6	1,57716403919039E-5	2,60450160567416E-5	4,06078070227522E-5	6,03299158683512E-5
20,1200008392334	3,27052873672073E-8	1,17945447186685E-7	3,60593389814312E-7	9,53893049882026E-7	2,2319968593365E-6	4,67607287646388E-6	8,94286404218292E-6	1,57758513523731E-5	2,60495089605683E-5	4,06238723371644E-5	6,03525331825949E-5
20,2099990844727	3,27315738957168E-8	1,17929751297652E-7	3,60577217861646E-7	9,53912490331277E-7	2,2319561594486E-6	4,67600239062449E-6	8,94251570571214E-6	1,5779145542183E-5	2,60559863818344E-5	4,06400249630678E-5	6,03840562689584E-5
20,2999992370605	3,27313642856097E-8	1,17928614429275E-7	3,6055504892829E-7	9,53824951466231E-7	2,23193887904927E-6	4,67616746391286E-6	8,94370987225557E-6	1,57797239808133E-5	2,60600027104374E-5	4,06530853069853E-5	6,04247870796826E-5
20,3899993896484	3,27524354304387E-8	1,17934710885947E-7	3,60543310762296E-7	9,53772769207717E-7	2,23170968638442E-6	4,6762393139943E-6	8,94457207323285E-6	1,57844951900188E-5	2,6066451027873E-5	4,06599901907612E-5	6,04443775955588E-5
20,4799995422363	3,27543254741158E-8	1,17951586275922E-7	3,60532482091003E-7	9,53764356381726E-7	2,23176857616636E-6	4,67646123070153E-6	8,94553068064852E-6	1,57859412865946E-5	2,60701399383834E-5	4,06763210776262E-5	6,04695960646495E-5
20,5699996948242	3,27654738896399E-8	1,17948303568483E-7	3,60508920493885E-7	9,53691596805584E-7	2,23176812141901E-6	4,67630616185488E-6	8,94527056516381E-6	1,57906779350014E-5	2,60832657659194E-5	4,06919753004331E-5	6,04791748628486E-5
20,6599998474121	3,2781201753096E-8	1,17970927249189E-7	3,60503776164478E-7	9,5374718966923E-7	2,23179154090758E-6	4,67609106635791E-6	8,94584263733123E-6	1,57920312631177E-5	2,60862325376365E-5	4,07018305850215E-5	6,05150344199501E-5
20,75			3,27784270837128E-8	1,17959565670844E-7	3,60512984798333E-7	9,53735820985457E-7	2,23163124246639E-6	4,67628433398204E-6	8,94739878276596E-6	1,57972881424939E-5	2,6088948288816E-5	4,07148472731933E-5	6,05413042649161E-5
20,8400001525879	3,27937357269548E-8	1,1798321253309E-7	3,60496443363445E-7	9,53715584728343E-7	2,23152665057569E-6	4,67622430733172E-6	8,94794084160822E-6	1,5797842934262E-5	2,60954220721032E-5	4,07221123168711E-5	6,05656023253687E-5
20,9300003051758	3,2827468743335E-8	1,17968028234827E-7	3,60472000693335E-7	9,53658798152901E-7	2,2315061869449E-6	4,67614290755591E-6	8,94828190212138E-6	1,5800804249011E-5	2,61011464317562E-5	4,07381776312832E-5	6,05939712841064E-5
21,0200004577637	3,28017293327321E-8	1,17937489108044E-7	3,60456681391952E-7	9,53617643517646E-7	2,23150345846079E-6	4,67666677650413E-6	8,94684671948198E-6	1,58009806909831E-5	2,61091718130047E-5	4,07540392188821E-5	6,0626716731349E-5
21,1100006103516	3,28480354028216E-8	1,17973243618508E-7	3,60428430212778E-7	9,53621849930641E-7	2,23137521970784E-6	4,67615154775558E-6	8,94766344572417E-6	1,57994254550431E-5	2,61111435975181E-5	4,07648403779604E-5	6,06569774390664E-5
21,2000007629395	3,2835963281741E-8	1,1798485388681E-7	3,60457647730072E-7	9,53486789967428E-7	2,2313895442494E-6	4,67632980871713E-6	8,94869390322128E-6	1,58031598402886E-5	2,61151380982483E-5	4,0773691580398E-5	6,06791691097897E-5
21,2849998474121	3,28409690553144E-8	1,17985692327238E-7	3,60457931947167E-7	9,53438018314046E-7	2,23133497456729E-6	4,67566178485868E-6	8,94852564670146E-6	1,58066723088268E-5	2,61185487033799E-5	4,07782536058221E-5	6,06995199632365E-5
21,375			3,28707479013701E-8	1,17974586544278E-7	3,60412798272591E-7	9,53424148519844E-7	2,23141523747472E-6	4,67582685814705E-6	8,94862660061335E-6	1,58108196046669E-5	2,61230034084292E-5	4,0791870560497E-5	6,07216752541717E-5
21,4650001525879	3,28568283691766E-8	1,17967523749485E-7	3,60371302576823E-7	9,53327742081456E-7	2,23128904508485E-6	4,67593417852186E-6	8,94893400982255E-6	1,58108705363702E-5	2,6132955099456E-5	4,07983752666041E-5	6,07454239798244E-5
21,5550003051758	3,28760485501789E-8	1,17977826619153E-7	3,6034148820363E-7	9,53315236529306E-7	2,23111874220194E-6	4,67602239950793E-6	8,95047651283676E-6	1,58109742187662E-5	2,61383211181965E-5	4,08131309086457E-5	6,07670699537266E-5
21,6450004577637	3,28741123212239E-8	1,17972440705216E-7	3,60307495839152E-7	9,53216670041002E-7	2,23099073082267E-6	4,67604240839137E-6	8,95091488928301E-6	1,58119673869805E-5	2,61399036389776E-5	4,08265659643803E-5	6,07854344707448E-5
21,7350006103516	3,28913571934208E-8	1,1797689580817E-7	3,60334581728239E-7	9,53206210851931E-7	2,23089023165812E-6	4,6760087570874E-6	8,95331140782218E-6	1,58129478222691E-5	2,61423556366935E-5	4,083626481588E-5	6,08014488534536E-5
21,8250007629395	3,28983809083638E-8	1,17987163150701E-7	3,60358882289802E-7	9,5316335091411E-7	2,2309163796308E-6	4,67658446723362E-6	8,95340053830296E-6	1,58130442287074E-5	2,61476343439426E-5	4,08436644647736E-5	6,08246518822853E-5
21,9150009155273	3,29077174399117E-8	1,17984505720869E-7	3,60291437573323E-7	9,53148116877856E-7	2,23075812755269E-6	4,6766494961048E-6	8,95295397640439E-6	1,58132334036054E-5	2,61521417996846E-5	4,08489104302134E-5	6,08368900429923E-5
22,0049991607666	3,29207558991129E-8	1,17982281722107E-7	3,6027913097314E-7	9,5310150527439E-7	2,23048277803173E-6	4,67647396362736E-6	8,95090124686249E-6	1,58191596710822E-5	2,61551922449144E-5	4,08563828386832E-5	6,08644586463925E-5
22,0949993133545	3,29262661580287E-8	1,17980434310994E-7	3,60295928203414E-7	9,53003507220274E-7	2,23037250179914E-6	4,67683867100277E-6	8,95183620741591E-6	1,58170350914588E-5	2,61621153185843E-5	4,08657288062386E-5	6,08812297286931E-5
22,1849994659424	3,29371623308816E-8	1,17987916326001E-7	3,6024269434165E-7	9,529463227409E-7	2,23039182856155E-6	4,67698873762856E-6	8,95623907126719E-6	1,58174807438627E-5	2,61621444224147E-5	4,08719715778716E-5	6,09019080002327E-5
22,2749996185303	3,2944392103218E-8	1,17999022108961E-7	3,60239852170707E-7	9,52866741954495E-7	2,23026199819287E-6	4,67646850665915E-6	8,956294550444E-6	1,58193652168848E-5	2,61650839092908E-5	4,08817104471382E-5	6,09152739343699E-5
22,3649997711182	3,2952300443867E-8	1,18009076288672E-7	3,60188977310827E-7	9,52839457113441E-7	2,23018105316442E-6	4,67650397695252E-6	8,95678567758296E-6	1,58193233801285E-5	2,6167730538873E-5	4,08894702559337E-5	6,09333546890412E-5
22,4549999237061	3,29670193366383E-8	1,17965456070124E-7	3,60182411895948E-7	9,52835250700446E-7	2,2300941964204E-6	4,67658219349687E-6	8,95690300239949E-6	1,58184702740982E-5	2,61707355093677E-5	4,08914311265107E-5	6,09570161032025E-5
22,5450000762939	3,29667280141166E-8	1,17987369208095E-7	3,60138329824622E-7	9,52743960169755E-7	2,23004826693796E-6	4,67601967102382E-6	8,95687480806373E-6	1,5822057321202E-5	2,61743589362595E-5	4,08982887165621E-5	6,09765229455661E-5
22,6350002288818	3,29856533198836E-8	1,1798135801655E-7	3,60202250249131E-7	9,52698144374153E-7	2,23009101318894E-6	4,67625795863569E-6	8,9565501184552E-6	1,58225029736059E-5	2,61762343143346E-5	4,09054046031088E-5	6,09922826697584E-5
22,7250003814697	3,29844347390917E-8	1,17983837810698E-7	3,60152540679337E-7	9,5263595767392E-7	2,22992161980073E-6	4,67594691144768E-6	8,95666016731411E-6	1,58256279974012E-5	2,61821605818113E-5	4,09154818044044E-5	6,10137612966355E-5
22,8150005340576	3,29938139032038E-8	1,17986616032795E-7	3,6011647353007E-7	9,52613675053726E-7	2,22997891796695E-6	4,67611789645161E-6	8,95657558430685E-6	1,58256752911257E-5	2,61839595623314E-5	4,09272652177606E-5	6,10252427577507E-5
22,9050006866455	3,30067670972767E-8	1,18006219906874E-7	3,60107890173822E-7	9,52550465171953E-7	2,22993526222126E-6	4,67602558273938E-6	8,95534412848065E-6	1,58274506247835E-5	2,61861387116369E-5	4,09326494263951E-5	6,10433999099769E-5
22,9950008392334	3,3007946598218E-8	1,17994275683486E-7	3,60077820005245E-7	9,52569791934366E-7	2,2295978396869E-6	4,67618519905955E-6	8,95511220733169E-6	1,58256334543694E-5	2,61890818364918E-5	4,09405583923217E-5	6,10573988524266E-5
23,0849990844727	3,30437828210961E-8	1,18013915084703E-7	3,60078161065758E-7	9,52454172420403E-7	2,22948347072816E-6	4,67608106191619E-6	8,95549510460114E-6	1,58279253810178E-5	2,61920777120395E-5	4,09496933571063E-5	6,10745482845232E-5
23,1749992370605	3,30388587599373E-8	1,18004443550035E-7	3,6007355674883E-7	9,52386869812472E-7	2,22915787162492E-6	4,67619020128041E-6	8,95651282917243E-6	1,58275888679782E-5	2,61953955487115E-5	4,09531785408035E-5	6,10867355135269E-5
23,2649993896484	3,30402905035498E-8	1,18005083038497E-7	3,60047152980769E-7	9,52332641190878E-7	2,22930862037174E-6	4,67594054498477E-6	8,95609628059901E-6	1,58285893121501E-5	2,6197083570878E-5	4,09593558288179E-5	6,11009381827898E-5
23,3549995422363	3,30797824688034E-8	1,18026655115955E-7	3,60038939106744E-7	9,52252378283447E-7	2,22928065340966E-6	4,67585778096691E-6	8,95584798854543E-6	1,5830883057788E-5	2,62015364569379E-5	4,09669264627155E-5	6,1108723457437E-5
23,4449996948242	3,30497940126406E-8	1,18021148409753E-7	3,60056475301462E-7	9,52266589138162E-7	2,22910921365838E-6	4,67583731733612E-6	8,956450074038E-6	1,583109042258E-5	2,62088051385945E-5	4,09706080972683E-5	6,1109516536817E-5
23,5349998474121	3,30865965736393E-8	1,18026491691126E-7	3,60035187441099E-7	9,52133689224866E-7	2,22893459067564E-6	4,6759837459831E-6	8,95613811735529E-6	1,58300153998425E-5	2,62106441368815E-5	4,09690219385084E-5	6,11345240031369E-5
23,625			3,30923590752263E-8	1,18018455452784E-7	3,59997841314907E-7	9,52079460603272E-7	2,22884318645811E-6	4,67522613689653E-6	8,95661742106313E-6	1,58305483637378E-5	2,62101420958061E-5	4,09725835197605E-5	6,11465948168188E-5
23,7150001525879	3,30889093902442E-8	1,18004827243112E-7	3,60013615363641E-7	9,52050015712302E-7	2,22865855903365E-6	4,67481140731252E-6	8,95849734661169E-6	1,58311377163045E-5	2,62107605522033E-5	4,09773565479554E-5	6,11591603956185E-5
23,7999992370605	3,31184359936287E-8	1,18017993600006E-7	3,59919283710042E-7	9,51919616909436E-7	2,22870608013181E-6	4,67496602141182E-6	8,9576269601821E-6	1,58330731210299E-5	2,62114772340283E-5	4,09849744755775E-5	6,11737414146774E-5
23,8899993896484	3,31055218794063E-8	1,18014078509532E-7	3,59938184146813E-7	9,51862773490575E-7	2,22860558096727E-6	4,6749282773817E-6	8,95565881364746E-6	1,58323491632473E-5	2,62108478636947E-5	4,09941203542985E-5	6,1184422520455E-5
23,9799995422363	3,31234843997663E-8	1,17998936843833E-7	3,59857750709125E-7	9,518245747131E-7	2,22842299990589E-6	4,67475274490425E-6	8,95567518455209E-6	1,58303937496385E-5	2,62152734649135E-5	4,09980093536433E-5	6,11950599704869E-5
24,0699996948242	3,31238609874163E-8	1,1801155608282E-7	3,59863577159558E-7	9,51790468661784E-7	2,22822086470842E-6	4,6748800741625E-6	8,95744233275764E-6	1,5829742551432E-5	2,62145713350037E-5	4,10074753744993E-5	6,12033400102519E-5
24,1599998474121	3,31309699674875E-8	1,18020217598769E-7	3,59790760739997E-7	9,51774097757152E-7	2,22817538997333E-6	4,67462723463541E-6	8,95754692464834E-6	1,58316961460514E-5	2,6217592676403E-5	4,10115244449116E-5	6,12075818935409E-5
24,25			3,31484244497915E-8	1,18002724036614E-7	3,59818670858658E-7	9,51713957419997E-7	2,2279793938651E-6	4,67446216134704E-6	8,95448101800866E-6	1,5833325960557E-5	2,62228659266839E-5	4,10126049246173E-5	6,12215808359906E-5
24,3400001525879	3,31555334298628E-8	1,18009459981749E-7	3,59755574663723E-7	9,51643244206934E-7	2,22797984861245E-6	4,6745208237553E-6	8,95324501470895E-6	1,58364928211086E-5	2,6226805857732E-5	4,10151806136128E-5	6,123603816377E-5
24,4300003051758	3,31603260406155E-8	1,1803102495378E-7	3,59713112629834E-7	9,51619711031526E-7	2,2277340576693E-6	4,67445170215797E-6	8,95361063157907E-6	1,58395341713913E-5	2,62216162809636E-5	4,10189495596569E-5	6,12484436715022E-5
24,5200004577637	3,31744196557793E-8	1,18028928852709E-7	3,59727721388481E-7	9,51565482409933E-7	2,22761218537926E-6	4,67421705252491E-6	8,95412358659087E-6	1,58397888299078E-5	2,62233825196745E-5	4,10234206356108E-5	6,12589938100427E-5
24,6100006103516	3,31831664368565E-8	1,18024722439714E-7	3,59718455911207E-7	9,51528079440322E-7	2,22723338083597E-6	4,673442163039E-6	8,95388893695781E-6	1,58355342136929E-5	2,62272606050828E-5	4,10312823078129E-5	6,12711373833008E-5
24,7000007629395	3,31910285922277E-8	1,18015300643037E-7	3,59695150109474E-7	9,51398135384807E-7	2,22717358155933E-6	4,67380777990911E-6	8,95303037395934E-6	1,58352086145896E-5	2,62275207205676E-5	4,10330103477463E-5	6,12737057963386E-5
24,7900009155273	3,31997362934544E-8	1,18021318940009E-7	3,59693956397678E-7	9,51343906763213E-7	2,22717608266976E-6	4,67366908196709E-6	8,95274843060179E-6	1,58328239194816E-5	2,62316061707679E-5	4,10406137234531E-5	6,12819858361036E-5
24,8799991607666	3,32151728343888E-8	1,18023123718558E-7	3,59649533265838E-7	9,51183949382539E-7	2,22707967623137E-6	4,67318159280694E-6	8,95280300028389E-6	1,58342918439303E-5	2,62278535956284E-5	4,1046820115298E-5	6,12871954217553E-5
24,9699993133545	3,32105045686149E-8	1,18016821204492E-7	3,59639415137281E-7	9,51214758515562E-7	2,2268895918387E-6	4,6730820031371E-6	8,95254197530448E-6	1,58332950377371E-5	2,62345911323791E-5	4,10489046771545E-5	6,12950971117243E-5
25,0599994659424	3,32334266772705E-8	1,1801080290752E-7	3,59612812417254E-7	9,51154163431056E-7	2,22687435780244E-6	4,672673640016E-6	8,95295397640439E-6	1,5833871657378E-5	2,62317862507189E-5	4,10522225138266E-5	6,12963995081373E-5
25,1499996185303	3,3230943330409E-8	1,18040155427934E-7	3,59627819079833E-7	9,51129720760946E-7	2,22660378312867E-6	4,67248719360214E-6	8,95257562660845E-6	1,58358197950292E-5	2,62328048847849E-5	4,10578941227868E-5	6,13204028923064E-5
25,2399997711182	3,32348122356052E-8	1,18043772090459E-7	3,59622760015554E-7	9,51091521983471E-7	2,22654489334673E-6	4,67225436295848E-6	8,95412813406438E-6	1,58348011609633E-5	2,62349076365354E-5	4,10597021982539E-5	6,13261217949912E-5
25,3299999237061	3,32605125663576E-8	1,18053620212777E-7	3,59585669684748E-7	9,51032632201532E-7	2,22640665015206E-6	4,67189511255128E-6	8,95381253940286E-6	1,58296716108453E-5	2,62339563050773E-5	4,10628417739645E-5	6,13388110650703E-5
25,4200000762939	3,32583702800093E-8	1,18050039077389E-7	3,59551052042661E-7	9,5089848173302E-7	2,22642302105669E-6	4,67229210698861E-6	8,95260927791242E-6	1,58285311044892E-5	2,62385492533213E-5	4,10639113397338E-5	6,1348982853815E-5
25,5100002288818	3,32726663998528E-8	1,18037718266351E-7	3,59511318492878E-7	9,50879496031121E-7	2,22612879952067E-6	4,6720319915039E-6	8,95277844392695E-6	1,58308394020423E-5	2,62387184193358E-5	4,10665161325596E-5	6,13544034422375E-5
25,6000003814697	3,3274478283829E-8	1,18040915708661E-7	3,59512114300742E-7	9,50738183291833E-7	2,225878461104E-6	4,67137215309776E-6	8,95196171768475E-6	1,58360344357789E-5	2,62421744992025E-5	4,10684115195181E-5	6,13637821516022E-5
25,6900005340576	3,32632446031766E-8	1,18047601915805E-7	3,5951418908553E-7	9,50720448145148E-7	2,22590961129754E-6	4,6713912524865E-6	8,95172252057819E-6	1,58368584379787E-5	2,62411576841259E-5	4,10762149840593E-5	6,13670199527405E-5
25,7800006866455	3,33038769895211E-8	1,18050927255808E-7	3,59469481736596E-7	9,50667924826121E-7	2,22577841668681E-6	4,67120253233588E-6	8,95165067049675E-6	1,58372022269759E-5	2,62401936197421E-5	4,10746542911511E-5	6,13838274148293E-5
25,8700008392334	3,32894920518356E-8	1,18054927611411E-7	3,59455640364104E-7	9,50591868331685E-7	2,22552716877544E-6	4,67107338408823E-6	8,95305947778979E-6	1,5837671526242E-5	2,62399698840454E-5	4,1077277273871E-5	6,1381098930724E-5
25,9599990844727	3,33121192852559E-8	1,18039018559557E-7	3,59478121936263E-7	9,50559353896097E-7	2,22537255467614E-6	4,67068230136647E-6	8,95337871043012E-6	1,58374405145878E-5	2,62456578639103E-5	4,1076145862462E-5	6,13920274190605E-5
26,0499992370605	3,33340750557909E-8	1,18053655739914E-7	3,59405220251574E-7	9,50458058923687E-7	2,22521703108214E-6	4,67051950181485E-6	8,95250832400052E-6	1,5837842511246E-5	2,62448502326151E-5	4,10737739002798E-5	6,13940428593196E-5
26,1399993896484	3,33141798591896E-8	1,1804898747414E-7	3,59405817107472E-7	9,50486594319955E-7	2,22514245251659E-6	4,67044355900725E-6	8,95239008968929E-6	1,58382463268936E-5	2,62439680227544E-5	4,10723005188629E-5	6,13933734712191E-5
26,2299995422363	3,33398766372284E-8	1,18044276575802E-7	3,59418834250391E-7	9,50338232996728E-7	2,22510470848647E-6	4,67002246296033E-6	8,95269295142498E-6	1,58371622092091E-5	2,62449211732019E-5	4,10745305998717E-5	6,1404934967868E-5
26,3150005340576	3,33404663876991E-8	1,18042599694945E-7	3,5939646636507E-7	9,50350397488364E-7	2,2250831079873E-6	4,66970095658326E-6	8,94972436071839E-6	1,58370094140992E-5	2,62472767644795E-5	4,10759676015005E-5	6,14151431364007E-5
26,4050006866455	3,33596474888509E-8	1,18047651653796E-7	3,59392714699425E-7	9,50399623889098E-7	2,22498351831746E-6	4,66977508040145E-6	8,94933691597544E-6	1,58375569299096E-5	2,62462417595088E-5	4,10749817092437E-5	6,14196032984182E-5
26,4950008392334	3,33660814533232E-8	1,18049662489739E-7	3,59376826963853E-7	9,50238870700559E-7	2,22465564547747E-6	4,66953633804224E-6	8,94943786988733E-6	1,58382208610419E-5	2,62463563558413E-5	4,1081897506956E-5	6,14223754382692E-5
26,5849990844727	3,33743663816222E-8	1,180448734317E-7	3,59327401611154E-7	9,5020737944651E-7	2,22458947973792E-6	4,66911251351121E-6	8,94948425411712E-6	1,58384900714736E-5	2,62515968643129E-5	4,10811771871522E-5	6,14228774793446E-5
26,6749992370605	3,33729808232874E-8	1,18021610262531E-7	3,59318960363453E-7	9,50178389302891E-7	2,22420362661069E-6	4,66885649075266E-6	8,94877848622855E-6	1,58386374096153E-5	2,624416447361E-5	4,10841130360495E-5	6,14304444752634E-5
26,7649993896484	3,33766827509407E-8	1,18038265384257E-7	3,59315976083963E-7	9,50026048940344E-7	2,22414973904961E-6	4,66836991108721E-6	8,94818458618829E-6	1,58373168233084E-5	2,62488356383983E-5	4,10823922720738E-5	6,14246891927905E-5
26,8549995422363	3,3393547482774E-8	1,18053108622007E-7	3,59284712203589E-7	9,49977277286962E-7	2,22398330151918E-6	4,66868095827522E-6	8,94852928468026E-6	1,58359616762027E-5	2,62482371908845E-5	4,10831853514537E-5	6,14315795246512E-5
26,9449996948242	3,3395693321836E-8	1,18046934005633E-7	3,59223520263185E-7	9,49895763824316E-7	2,2239173631533E-6	4,6686986934219E-6	8,94767617865E-6	1,58343937073369E-5	2,62477678916184E-5	4,10908032790758E-5	6,14354939898476E-5
27,0349998474121	3,34105401122997E-8	1,1804048938302E-7	3,59255807325098E-7	9,49797765770199E-7	2,22375501834904E-6	4,66838309876039E-6	8,94831919140415E-6	1,58330949489027E-5	2,62460143858334E-5	4,10841021221131E-5	6,14344389759935E-5
27,125			3,34118439582198E-8	1,18060562215305E-7	3,59205074573765E-7	9,49783895975997E-7	2,22360768020735E-6	4,66822530142963E-6	8,94851746124914E-6	1,58327111421386E-5	2,62492503679823E-5	4,10946740885265E-5	6,14398595644161E-5
27,2150001525879	3,34253016376351E-8	1,18055211828505E-7	3,59228465640626E-7	9,49692150697956E-7	2,22347307499149E-6	4,66808069177205E-6	8,94764616532484E-6	1,58307684614556E-5	2,6249888833263E-5	4,10920292779338E-5	6,14407399552874E-5
27,3050003051758	3,34388445821787E-8	1,18053534947649E-7	3,59180830855621E-7	9,49539469274896E-7	2,22332050725527E-6	4,66812980448594E-6	8,9477262008586E-6	1,58295697474387E-5	2,62482408288633E-5	4,1094739572145E-5	6,14545351709239E-5
27,3950004577637	3,34354801623249E-8	1,18048738784182E-7	3,59183331966051E-7	9,49449884046771E-7	2,22322069021175E-6	4,66755955130793E-6	8,94738514034543E-6	1,58343555085594E-5	2,62504017882748E-5	4,1096984205069E-5	6,14558375673369E-5
27,4850006103516	3,34605054774784E-8	1,18045875296957E-7	3,59150021722598E-7	9,49497007241007E-7	2,22317839870811E-6	4,6673903852934E-6	8,94689401320647E-6	1,58375005412381E-5	2,62441808445146E-5	4,10916436521802E-5	6,14547388977371E-5
27,5750007629395	3,34520500189228E-8	1,18058039788593E-7	3,59138851990792E-7	9,49547541040374E-7	2,22290486817656E-6	4,66709207103122E-6	8,94689401320647E-6	1,5835777958273E-5	2,62433895841241E-5	4,10959110013209E-5	6,14694145042449E-5
27,6650009155273	3,34560041892473E-8	1,18045122121657E-7	3,59104973313151E-7	9,49390141613549E-7	2,22270546146319E-6	4,66707251689513E-6	8,94648201210657E-6	1,58341990754707E-5	2,62407738773618E-5	4,10975771956146E-5	6,1469450884033E-5
27,7549991607666	3,34866250284449E-8	1,18045541341871E-7	3,59085163381678E-7	9,49312834563898E-7	2,22261292037729E-6	4,6670293158968E-6	8,94591812539147E-6	1,58329876285279E-5	2,62455650954507E-5	4,10985958296806E-5	6,14742457401007E-5
27,8449993133545	3,34713554650534E-8	1,18026576956254E-7	3,59072629407819E-7	9,49165610109048E-7	2,22247717829305E-6	4,66631763629266E-6	8,94489585334668E-6	1,58330349222524E-5	2,62431003648089E-5	4,10966204071883E-5	6,14802556810901E-5
27,9349994659424	3,34986118843972E-8	1,18047267960719E-7	3,59034316943507E-7	9,49095749547269E-7	2,2222322968446E-6	4,66538722321275E-6	8,94503045856254E-6	1,5833127690712E-5	2,624663466122E-5	4,10965258197393E-5	6,14776072325185E-5
28,0249996185303	3,34959189274286E-8	1,18043146812852E-7	3,59042360287276E-7	9,49031004893186E-7	2,22226435653283E-6	4,66521396447206E-6	8,94333061296493E-6	1,58319508045679E-5	2,62448793364456E-5	4,10971952078398E-5	6,14834498264827E-5
28,1149997711182	3,3493392948003E-8	1,18035657692417E-7	3,59020475571015E-7	9,48960746427474E-7	2,2221684048418E-6	4,66535357190878E-6	8,94235563464463E-6	1,58331658894895E-5	2,62452194874641E-5	4,11032997362781E-5	6,14903401583433E-5
28,2049999237061	3,35359615633024E-8	1,18021652895095E-7	3,58993020199705E-7	9,48915385379223E-7	2,22208814193436E-6	4,66466781290364E-6	8,94265849638032E-6	1,58341281348839E-5	2,62447611021344E-5	4,11021792388055E-5	6,14866075920872E-5
28,2950000762939	3,35084529012875E-8	1,18032716045491E-7	3,59032924279745E-7	9,48923286614445E-7	2,22185053644353E-6	4,6648219722556E-6	8,94296590558952E-6	1,58324455696857E-5	2,62480662058806E-5	4,11013461416587E-5	6,1495513364207E-5
28,3850002288818	3,35293144360094E-8	1,18045036856529E-7	3,59040114972231E-7	9,48905210407247E-7	2,2216590878088E-6	4,66399615106639E-6	8,94192726264009E-6	1,58299826580333E-5	2,62456942436984E-5	4,11000801250339E-5	6,14947130088694E-5
28,4750003814697	3,35423528952106E-8	1,18049158004396E-7	3,58982362058669E-7	9,48766398778389E-7	2,22147309614229E-6	4,66450137537322E-6	8,94246477400884E-6	1,5828534742468E-5	2,62440808000974E-5	4,11001929023769E-5	6,14984965068288E-5
28,5650005340576	3,35406689089268E-8	1,1804288391204E-7	3,58994498128595E-7	9,48725698890485E-7	2,22123117055162E-6	4,66409301225212E-6	8,94344066182384E-6	1,58280963660218E-5	2,62425619439455E-5	4,10983593610581E-5	6,1508544604294E-5
28,6550006866455	3,35664971373717E-8	1,18046045827214E-7	3,58917844778262E-7	9,48623835483886E-7	2,22099697566591E-6	4,66361052531283E-6	8,94380718818866E-6	1,58307557285298E-5	2,62443663814338E-5	4,11011351388879E-5	6,15081662544981E-5
28,7450008392334	3,35601875178781E-8	1,18047729813497E-7	3,58899626462517E-7	9,48618833263026E-7	2,22100311475515E-6	4,66308802060666E-6	8,94215827429434E-6	1,58288585225819E-5	2,62441008089809E-5	4,11035398428794E-5	6,15137978456914E-5
28,8299999237061	3,35718368660309E-8	1,18036624030538E-7	3,58896386387642E-7	9,48507761222572E-7	2,22073754230223E-6	4,66305846202886E-6	8,94170352694346E-6	1,58255770656979E-5	2,62440971710021E-5	4,11028559028637E-5	6,15032913628966E-5
28,9200000762939	3,35724266165016E-8	1,18030776263822E-7	3,58854748583326E-7	9,48420279200946E-7	2,22063658839033E-6	4,66288292955142E-6	8,94139247975545E-6	1,58271213877015E-5	2,62427165580448E-5	4,11016553698573E-5	6,15117824054323E-5
29,0100002288818	3,3583361869205E-8	1,18033298690534E-7	3,58850172688108E-7	9,48407716805377E-7	2,22043672692962E-6	4,66265828436008E-6	8,9414688773104E-6	1,58273905981332E-5	2,62437970377505E-5	4,11033433920238E-5	6,15195967839099E-5
29,1000003814697	3,35857563982245E-8	1,18057023712481E-7	3,58829311153386E-7	9,48399701883318E-7	2,22032076635514E-6	4,66219717054628E-6	8,94237655302277E-6	1,58248512889259E-5	2,62452485912945E-5	4,11018299928401E-5	6,1523423937615E-5
29,1900005340576	3,36018679547578E-8	1,18049456432345E-7	3,58764452812466E-7	9,48274760048662E-7	2,22010885408963E-6	4,66239180241246E-6	8,94194727152353E-6	1,58233560796361E-5	2,62434532487532E-5	4,11055116273928E-5	6,15145545452833E-5
29,2800006866455	3,36151586566302E-8	1,18043651298194E-7	3,58721422344388E-7	9,48169997627701E-7	2,2200554212759E-6	4,66212532046484E-6	8,94094227987807E-6	1,58241655299207E-5	2,62399207713315E-5	4,11090441048145E-5	6,15151002421044E-5
29,3700008392334	3,36041381387986E-8	1,18050877517817E-7	3,58734638439273E-7	9,48217177665356E-7	2,21994082494348E-6	4,66170513391262E-6	8,93975629878696E-6	1,58229777298402E-5	2,62385237874696E-5	4,11078399338294E-5	6,15205208305269E-5
29,4599990844727	3,3620835893089E-8	1,18061905141076E-7	3,58689703716664E-7	9,48016463553358E-7	2,21999675886764E-6	4,66114443042898E-6	8,93891956366133E-6	1,58205257321242E-5	2,62362827925244E-5	4,11037290177774E-5	6,15216995356604E-5
29,5499992370605	3,3621045503196E-8	1,18063539389368E-7	3,58670121158866E-7	9,48008960222069E-7	2,21980440073821E-6	4,66135770693654E-6	8,93918877409305E-6	1,58220118464669E-5	2,62384819507133E-5	4,1098814108409E-5	6,15242242929526E-5
29,6399993896484	3,36353060959027E-8	1,18067454479842E-7	3,58672025413398E-7	9,47945864027133E-7	2,21946356759872E-6	4,66123537989915E-6	8,93841479410185E-6	1,58224120241357E-5	2,62373796431348E-5	4,11061155318748E-5	6,15295211900957E-5
29,7299995422363	3,36378676024651E-8	1,1805807531573E-7	3,586729349081E-7	9,47861281019868E-7	2,21925415644364E-6	4,66116171082831E-6	8,93870492291171E-6	1,58220445882762E-5	2,62345201917924E-5	4,11074797739275E-5	6,15283424849622E-5
29,8199996948242	3,36486358776256E-8	1,18052398079271E-7	3,5864349001713E-7	9,47796991113137E-7	2,21910318032315E-6	4,66032497570268E-6	8,93753622221993E-6	1,58217499119928E-5	2,62350749835605E-5	4,11109867854975E-5	6,1533683037851E-5
29,9099998474121	3,36637384634741E-8	1,18064093612702E-7	3,58637464614731E-7	9,47671196627198E-7	2,21898403651721E-6	4,65995753984316E-6	8,93790092959534E-6	1,58193233801285E-5	2,62347948591923E-5	4,11122491641436E-5	6,15380122326314E-5
30			3,36671845957426E-8	1,1805084199068E-7	3,58616688345137E-7	9,4758877366985E-7	2,21879736272967E-6	4,65966286355979E-6	8,93771175469738E-6	1,5816522136447E-5	2,62358116742689E-5	4,11042274208739E-5	6,15397730143741E-5
