Id_Vg
-20	1,58E-07
-19,81	1,57E-07
-19,62	1,55E-07
-19,43	1,56E-07
-19,24	1,61E-07
-19,05	1,61E-07
-18,855	1,59E-07
-18,665	1,57E-07
-18,475	1,61E-07
-18,285	1,65E-07
-18,095	1,60E-07
-17,905	1,65E-07
-17,715	1,60E-07
-17,525	1,61E-07
-17,335	1,61E-07
-17,145	1,63E-07
-16,95	1,64E-07
-16,76	1,63E-07
-16,57	1,66E-07
-16,38	1,65E-07
-16,19	1,66E-07
-16	1,63E-07
-15,81	1,63E-07
-15,62	1,67E-07
-15,43	1,67E-07
-15,24	1,66E-07
-15,05	1,68E-07
-14,855	1,69E-07
-14,665	1,70E-07
-14,475	1,71E-07
-14,285	1,76E-07
-14,095	1,74E-07
-13,905	1,76E-07
-13,715	1,74E-07
-13,525	1,72E-07
-13,335	1,75E-07
-13,145	1,78E-07
-12,95	1,80E-07
-12,76	1,74E-07
-12,57	1,79E-07
-12,38	1,79E-07
-12,19	1,82E-07
-12	1,81E-07
-11,81	1,81E-07
-11,62	1,90E-07
-11,43	1,83E-07
-11,24	1,92E-07
-11,05	1,85E-07
-10,855	1,86E-07
-10,665	1,90E-07
-10,475	1,86E-07
-10,285	1,91E-07
-10,095	1,90E-07
-9,905	1,85E-07
-9,715	1,89E-07
-9,525	1,97E-07
-9,335	1,95E-07
-9,145	1,94E-07
-8,95	1,93E-07
-8,76	2,00E-07
-8,57	2,04E-07
-8,38	2,02E-07
-8,19	2,05E-07
-8	2,10E-07
-7,81	2,08E-07
-7,62	2,08E-07
-7,43	2,15E-07
-7,24	2,18E-07
-7,05	2,17E-07
-6,855	2,19E-07
-6,665	2,24E-07
-6,475	2,23E-07
-6,285	2,29E-07
-6,095	2,32E-07
-5,905	2,33E-07
-5,715	2,36E-07
-5,525	2,40E-07
-5,335	2,44E-07
-5,145	2,49E-07
-4,95	2,51E-07
-4,76	2,56E-07
-4,57	2,61E-07
-4,38	2,65E-07
-4,19	2,67E-07
-4	2,77E-07
-3,81	2,79E-07
-3,62	2,83E-07
-3,43	2,84E-07
-3,24	2,94E-07
-3,05	3,02E-07
-2,855	3,07E-07
-2,665	3,07E-07
-2,475	3,14E-07
-2,285	3,23E-07
-2,095	3,28E-07
-1,905	3,36E-07
-1,715	3,38E-07
-1,525	3,52E-07
-1,335	3,62E-07
-1,145	3,62E-07
-0,95	3,71E-07
-0,76	3,83E-07
-0,57	3,90E-07
-0,38	3,96E-07
-0,19	4,03E-07
0	4,09E-07
0,19	4,17E-07
0,38	4,28E-07
0,57	4,40E-07
0,76	4,47E-07
0,95	4,59E-07
1,145	4,67E-07
1,335	4,78E-07
1,525	4,87E-07
1,715	5,00E-07
1,905	5,11E-07
2,095	5,21E-07
2,285	5,32E-07
2,475	5,48E-07
2,665	5,58E-07
2,855	5,70E-07
3,05	5,88E-07
3,24	6,00E-07
3,43	6,13E-07
3,62	6,32E-07
3,81	6,32E-07
4	6,51E-07
4,19	6,74E-07
4,38	6,90E-07
4,57	7,10E-07
4,76	7,26E-07
4,95	7,45E-07
5,145	7,66E-07
5,335	7,89E-07
5,525	8,11E-07
5,715	8,35E-07
5,905	8,55E-07
6,095	8,77E-07
6,285	9,05E-07
6,475	9,31E-07
6,665	9,49E-07
6,855	9,76E-07
7,05	1,00E-06
7,24	1,03E-06
7,43	1,06E-06
7,62	1,09E-06
7,81	1,12E-06
8	1,15E-06
8,19	1,18E-06
8,38	1,22E-06
8,57	1,25E-06
8,76	1,29E-06
8,95	1,33E-06
9,145	1,36E-06
9,335	1,40E-06
9,525	1,44E-06
9,715	1,48E-06
9,905	1,53E-06
10,095	1,57E-06
10,285	1,61E-06
10,475	1,66E-06
10,665	1,70E-06
10,855	1,76E-06
11,05	1,81E-06
11,24	1,85E-06
11,43	1,91E-06
11,62	1,96E-06
11,81	2,01E-06
12	2,07E-06
12,19	2,13E-06
12,38	2,19E-06
12,57	2,25E-06
12,76	2,32E-06
12,95	2,38E-06
13,145	2,45E-06
13,335	2,51E-06
13,525	2,59E-06
13,715	2,66E-06
13,905	2,74E-06
14,095	2,81E-06
14,285	2,89E-06
14,475	2,97E-06
14,665	3,05E-06
14,855	3,13E-06
15,05	3,22E-06
15,24	3,31E-06
15,43	3,41E-06
15,62	3,50E-06
15,81	3,59E-06
16	3,69E-06
16,19	3,79E-06
16,38	3,90E-06
16,57	3,99E-06
16,76	4,11E-06
16,95	4,21E-06
17,145	4,34E-06
17,335	4,45E-06
17,525	4,57E-06
17,715	4,69E-06
17,905	4,74E-06
18,095	4,87E-06
18,285	5,01E-06
18,475	5,15E-06
18,665	5,28E-06
18,855	5,43E-06
19,05	5,57E-06
19,24	5,72E-06
19,43	5,87E-06
19,62	6,02E-06
19,81	6,17E-06
20	6,34E-06
20,19	6,50E-06
20,38	6,66E-06
20,57	6,84E-06
20,76	7,02E-06
20,95	7,19E-06
21,145	7,39E-06
21,335	7,57E-06
21,525	7,76E-06
21,715	7,95E-06
21,905	8,15E-06
22,095	8,35E-06
22,285	8,56E-06
22,475	8,78E-06
22,665	9,00E-06
22,855	9,21E-06
23,05	9,45E-06
23,24	9,67E-06
23,43	9,91E-06
23,62	1,01E-05
23,81	1,04E-05
24	1,06E-05
24,19	1,09E-05
24,38	1,12E-05
24,57	1,14E-05
24,76	1,17E-05
24,95	1,20E-05
25,145	1,23E-05
25,335	1,25E-05
25,525	1,28E-05
25,715	1,31E-05
25,905	1,34E-05
26,095	1,37E-05
26,285	1,41E-05
26,475	1,44E-05
26,665	1,47E-05
26,855	1,50E-05
27,05	1,54E-05
27,24	1,57E-05
27,43	1,61E-05
27,62	1,64E-05
27,81	1,68E-05
28	1,72E-05
28,19	1,76E-05
28,38	1,79E-05
28,57	1,83E-05
28,76	1,87E-05
28,95	1,91E-05
29,145	1,96E-05
29,335	2,00E-05
29,525	2,04E-05
29,715	2,08E-05
29,905	2,13E-05
30,095	2,17E-05
30,285	2,22E-05
30,475	2,27E-05
30,665	2,31E-05
30,855	2,36E-05
31,05	2,41E-05
31,24	2,46E-05
31,43	2,51E-05
31,62	2,57E-05
31,81	2,62E-05
32	2,67E-05
32,19	2,72E-05
32,38	2,78E-05
32,57	2,84E-05
32,76	2,89E-05
32,95	2,95E-05
33,145	3,01E-05
33,335	3,07E-05
33,525	3,13E-05
33,715	3,19E-05
33,905	3,25E-05
34,095	3,32E-05
34,285	3,38E-05
34,475	3,45E-05
34,665	3,51E-05
34,855	3,58E-05
35,05	3,65E-05
35,24	3,72E-05
35,43	3,79E-05
35,62	3,86E-05
35,81	3,93E-05
36	4,01E-05
36,19	4,08E-05
36,38	4,16E-05
36,57	4,23E-05
36,76	4,28E-05
36,95	4,36E-05
37,145	4,44E-05
37,335	4,52E-05
37,525	4,61E-05
37,715	4,69E-05
37,905	4,77E-05
38,095	4,86E-05
38,285	4,95E-05
38,475	5,04E-05
38,665	5,13E-05
38,855	5,22E-05
39,05	5,31E-05
39,24	5,41E-05
39,43	5,50E-05
39,62	5,60E-05
39,81	5,69E-05
40	5,79E-05
40,19	5,89E-05
40,38	5,99E-05
40,57	6,10E-05
40,76	6,20E-05
40,95	6,31E-05
41,145	6,41E-05
41,335	6,52E-05
41,525	6,63E-05
41,715	6,74E-05
41,905	6,85E-05
42,095	6,97E-05
42,285	7,08E-05
42,475	7,20E-05
42,665	7,32E-05
42,855	7,44E-05
43,05	7,56E-05
43,24	7,69E-05
43,43	7,81E-05
43,62	7,94E-05
43,81	8,06E-05
44	8,19E-05
44,19	8,32E-05
44,38	8,46E-05
44,57	8,59E-05
44,76	8,73E-05
44,95	8,86E-05
45,145	9,01E-05
45,335	9,14E-05
45,525	9,29E-05
45,715	9,43E-05
45,905	9,58E-05
46,095	9,72E-05
46,285	9,87E-05
46,475	1,00E-04
46,665	1,02E-04
46,855	1,03E-04
47,045	1,05E-04
47,24	1,06E-04
47,43	1,08E-04
47,62	1,10E-04
47,81	1,11E-04
48	1,13E-04
48,19	1,15E-04
48,38	1,16E-04
48,57	1,18E-04
48,76	1,20E-04
48,95	1,22E-04
49,145	1,23E-04
49,335	1,25E-04
49,525	1,27E-04
49,715	1,29E-04
49,905	1,31E-04
50,095	1,32E-04
50,285	1,34E-04
50,475	1,36E-04
50,665	1,38E-04
50,855	1,40E-04
51,045	1,42E-04
51,24	1,44E-04
51,43	1,46E-04
51,62	1,48E-04
51,81	1,50E-04
52	1,52E-04
52,19	1,54E-04
52,38	1,57E-04
52,57	1,59E-04
52,76	1,61E-04
52,95	1,63E-04
53,145	1,65E-04
53,335	1,68E-04
53,525	1,70E-04
53,715	1,72E-04
53,905	1,74E-04
54,095	1,77E-04
54,285	1,79E-04
54,475	1,81E-04
54,665	1,84E-04
54,855	1,86E-04
55,045	1,89E-04
55,24	1,91E-04
55,43	1,94E-04
55,62	1,96E-04
55,81	1,99E-04
56	2,01E-04
56,19	2,04E-04
56,38	2,07E-04
56,57	2,09E-04
56,76	2,12E-04
56,95	2,15E-04
57,145	2,17E-04
57,335	2,20E-04
57,525	2,23E-04
57,715	2,26E-04
57,905	2,29E-04
58,095	2,32E-04
58,285	2,34E-04
58,475	2,37E-04
58,665	2,40E-04
58,855	2,43E-04
59,045	2,46E-04
59,24	2,49E-04
59,43	2,52E-04
59,62	2,56E-04
59,81	2,59E-04
60	2,62E-04
60	2,61E-04
59,81	2,57E-04
59,62	2,53E-04
59,43	2,49E-04
59,24	2,45E-04
59,045	2,40E-04
58,855	2,37E-04
58,665	2,33E-04
58,475	2,29E-04
58,285	2,25E-04
58,095	2,22E-04
57,905	2,18E-04
57,715	2,15E-04
57,525	2,11E-04
57,335	2,08E-04
57,145	2,05E-04
56,95	2,01E-04
56,76	1,98E-04
56,57	1,95E-04
56,38	1,92E-04
56,19	1,89E-04
56	1,85E-04
55,81	1,82E-04
55,62	1,80E-04
55,43	1,77E-04
55,24	1,74E-04
55,045	1,71E-04
54,855	1,68E-04
54,665	1,65E-04
54,475	1,63E-04
54,285	1,60E-04
54,095	1,57E-04
53,905	1,55E-04
53,715	1,52E-04
53,525	1,49E-04
53,335	1,47E-04
53,145	1,45E-04
52,95	1,42E-04
52,76	1,40E-04
52,57	1,37E-04
52,38	1,35E-04
52,19	1,33E-04
52	1,31E-04
51,81	1,28E-04
51,62	1,26E-04
51,43	1,24E-04
51,24	1,22E-04
51,045	1,20E-04
50,855	1,18E-04
50,665	1,16E-04
50,475	1,14E-04
50,285	1,12E-04
50,095	1,10E-04
49,905	1,08E-04
49,715	1,06E-04
49,525	1,04E-04
49,335	1,02E-04
49,145	1,01E-04
48,95	9,87E-05
48,76	9,69E-05
48,57	9,52E-05
48,38	9,35E-05
48,19	9,18E-05
48	9,02E-05
47,81	8,86E-05
47,62	8,70E-05
47,43	8,54E-05
47,24	8,39E-05
47,045	8,23E-05
46,855	8,08E-05
46,665	7,94E-05
46,475	7,79E-05
46,285	7,65E-05
46,095	7,51E-05
45,905	7,37E-05
45,715	7,23E-05
45,525	7,10E-05
45,335	6,97E-05
45,145	6,83E-05
44,95	6,70E-05
44,76	6,58E-05
44,57	6,45E-05
44,38	6,33E-05
44,19	6,21E-05
44	6,09E-05
43,81	5,98E-05
43,62	5,86E-05
43,43	5,75E-05
43,24	5,64E-05
43,05	5,53E-05
42,855	5,42E-05
42,665	5,31E-05
42,475	5,21E-05
42,285	5,11E-05
42,095	5,01E-05
41,905	4,91E-05
41,715	4,81E-05
41,525	4,71E-05
41,335	4,62E-05
41,145	4,53E-05
40,95	4,43E-05
40,76	4,35E-05
40,57	4,26E-05
40,38	4,17E-05
40,19	4,09E-05
40	4,00E-05
39,81	3,92E-05
39,62	3,84E-05
39,43	3,76E-05
39,24	3,68E-05
39,05	3,61E-05
38,855	3,53E-05
38,665	3,48E-05
38,475	3,40E-05
38,285	3,33E-05
38,095	3,25E-05
37,905	3,18E-05
37,715	3,12E-05
37,525	3,05E-05
37,335	2,98E-05
37,145	2,92E-05
36,95	2,85E-05
36,76	2,79E-05
36,57	2,73E-05
36,38	2,67E-05
36,19	2,61E-05
36	2,55E-05
35,81	2,50E-05
35,62	2,44E-05
35,43	2,39E-05
35,24	2,34E-05
35,05	2,28E-05
34,855	2,23E-05
34,665	2,18E-05
34,475	2,13E-05
34,285	2,08E-05
34,095	2,04E-05
33,905	1,99E-05
33,715	1,95E-05
33,525	1,90E-05
33,335	1,86E-05
33,145	1,81E-05
32,95	1,77E-05
32,76	1,73E-05
32,57	1,69E-05
32,38	1,65E-05
32,19	1,61E-05
32	1,58E-05
31,81	1,54E-05
31,62	1,50E-05
31,43	1,47E-05
31,24	1,43E-05
31,05	1,40E-05
30,855	1,36E-05
30,665	1,33E-05
30,475	1,30E-05
30,285	1,27E-05
30,095	1,24E-05
29,905	1,21E-05
29,715	1,18E-05
29,525	1,15E-05
29,335	1,12E-05
29,145	1,09E-05
28,95	1,07E-05
28,76	1,04E-05
28,57	1,01E-05
28,38	9,88E-06
28,19	9,64E-06
28	9,40E-06
27,81	9,16E-06
27,62	8,93E-06
27,43	8,71E-06
27,24	8,48E-06
27,05	8,27E-06
26,855	8,05E-06
26,665	7,85E-06
26,475	7,65E-06
26,285	7,45E-06
26,095	7,26E-06
25,905	7,08E-06
25,715	6,90E-06
25,525	6,72E-06
25,335	6,55E-06
25,145	6,38E-06
24,95	6,21E-06
24,76	6,04E-06
24,57	5,89E-06
24,38	5,73E-06
24,19	5,58E-06
24	5,43E-06
23,81	5,29E-06
23,62	5,16E-06
23,43	5,02E-06
23,24	4,88E-06
23,05	4,76E-06
22,855	4,62E-06
22,665	4,50E-06
22,475	4,39E-06
22,285	4,27E-06
22,095	4,15E-06
21,905	4,04E-06
21,715	3,93E-06
21,525	3,88E-06
21,335	3,77E-06
21,145	3,67E-06
20,95	3,56E-06
20,76	3,46E-06
20,57	3,37E-06
20,38	3,28E-06
20,19	3,19E-06
20	3,11E-06
19,81	3,02E-06
19,62	2,93E-06
19,43	2,85E-06
19,24	2,78E-06
19,05	2,70E-06
18,855	2,62E-06
18,665	2,55E-06
18,475	2,48E-06
18,285	2,41E-06
18,095	2,35E-06
17,905	2,28E-06
17,715	2,23E-06
17,525	2,16E-06
17,335	2,10E-06
17,145	2,05E-06
16,95	1,99E-06
16,76	1,94E-06
16,57	1,88E-06
16,38	1,83E-06
16,19	1,78E-06
16	1,74E-06
15,81	1,69E-06
15,62	1,64E-06
15,43	1,60E-06
15,24	1,55E-06
15,05	1,51E-06
14,855	1,47E-06
14,665	1,43E-06
14,475	1,39E-06
14,285	1,36E-06
14,095	1,32E-06
13,905	1,28E-06
13,715	1,25E-06
13,525	1,22E-06
13,335	1,18E-06
13,145	1,15E-06
12,95	1,12E-06
12,76	1,09E-06
12,57	1,06E-06
12,38	1,03E-06
12,19	1,01E-06
12	9,83E-07
11,81	9,53E-07
11,62	9,29E-07
11,43	9,10E-07
11,24	8,87E-07
11,05	8,68E-07
10,855	8,42E-07
10,665	8,15E-07
10,475	7,98E-07
10,285	7,78E-07
10,095	7,60E-07
9,905	7,40E-07
9,715	7,24E-07
9,525	7,03E-07
9,335	6,88E-07
9,145	6,69E-07
8,95	6,56E-07
8,76	6,39E-07
8,57	6,26E-07
8,38	6,11E-07
8,19	6,00E-07
8	5,85E-07
7,81	5,70E-07
7,62	5,55E-07
7,43	5,43E-07
7,24	5,37E-07
7,05	5,31E-07
6,855	5,15E-07
6,665	5,03E-07
6,475	4,97E-07
6,285	4,82E-07
6,095	4,75E-07
5,905	4,67E-07
5,715	4,52E-07
5,525	4,43E-07
5,335	4,32E-07
5,145	4,28E-07
4,95	4,15E-07
4,76	4,02E-07
4,57	4,03E-07
4,38	3,91E-07
4,19	3,86E-07
4	3,80E-07
3,81	3,70E-07
3,62	3,60E-07
3,43	3,58E-07
3,24	3,53E-07
3,05	3,48E-07
2,855	3,40E-07
2,665	3,35E-07
2,475	3,31E-07
2,285	3,27E-07
2,095	3,18E-07
1,905	3,12E-07
1,715	3,09E-07
1,525	3,04E-07
1,335	2,99E-07
1,145	2,93E-07
0,95	2,93E-07
0,76	2,90E-07
0,57	2,84E-07
0,38	2,81E-07
0,19	2,80E-07
0	2,75E-07
-0,19	2,69E-07
-0,38	2,71E-07
-0,57	2,70E-07
-0,76	2,63E-07
-0,95	2,61E-07
-1,145	2,56E-07
-1,335	2,48E-07
-1,525	2,54E-07
-1,715	2,45E-07
-1,905	2,45E-07
-2,095	2,48E-07
-2,285	2,38E-07
-2,475	2,39E-07
-2,665	2,34E-07
-2,855	2,31E-07
-3,05	2,28E-07
-3,24	2,27E-07
-3,43	2,26E-07
-3,62	2,22E-07
-3,81	2,19E-07
-4	2,17E-07
-4,19	2,16E-07
-4,38	2,13E-07
-4,57	2,08E-07
-4,76	2,09E-07
-4,95	2,08E-07
-5,145	2,04E-07
-5,335	2,04E-07
-5,525	2,04E-07
-5,715	1,95E-07
-5,905	1,96E-07
-6,095	1,96E-07
-6,285	1,95E-07
-6,475	1,95E-07
-6,665	1,99E-07
-6,855	1,95E-07
-7,05	1,91E-07
-7,24	1,90E-07
-7,43	1,93E-07
-7,62	1,84E-07
-7,81	1,89E-07
-8	1,85E-07
-8,19	1,85E-07
-8,38	1,81E-07
-8,57	1,82E-07
-8,76	1,83E-07
-8,95	1,84E-07
-9,145	1,82E-07
-9,335	1,82E-07
-9,525	1,77E-07
-9,715	1,78E-07
-9,905	1,72E-07
-10,095	1,70E-07
-10,285	1,73E-07
-10,475	1,74E-07
-10,665	1,70E-07
-10,855	1,72E-07
-11,05	1,70E-07
-11,24	1,70E-07
-11,43	1,64E-07
-11,62	1,69E-07
-11,81	1,72E-07
-12	1,70E-07
-12,19	1,69E-07
-12,38	1,65E-07
-12,57	1,72E-07
-12,76	1,70E-07
-12,95	1,68E-07
-13,145	1,65E-07
-13,335	1,66E-07
-13,525	1,66E-07
-13,715	1,63E-07
-13,905	1,63E-07
-14,095	1,61E-07
-14,285	1,64E-07
-14,475	1,65E-07
-14,665	1,64E-07
-14,855	1,62E-07
-15,05	1,64E-07
-15,24	1,63E-07
-15,43	1,61E-07
-15,62	1,65E-07
-15,81	1,62E-07
-16	1,62E-07
-16,19	1,60E-07
-16,38	1,61E-07
-16,57	1,66E-07
-16,76	1,60E-07
-16,95	1,63E-07
-17,145	1,58E-07
-17,335	1,54E-07
-17,525	1,58E-07
-17,715	1,58E-07
-17,905	1,63E-07
-18,095	1,56E-07
-18,285	1,59E-07
-18,475	1,60E-07
-18,665	1,62E-07
-18,855	1,56E-07
-19,05	1,52E-07
-19,24	1,52E-07
-19,43	1,51E-07
-19,62	1,52E-07
-19,81	1,52E-07
-20	1,51E-07





















