Id_Vg
-20	2,86E-08
-19,6	2,89E-08
-19,2	2,90E-08
-18,8	2,90E-08
-18,4	2,91E-08
-18	2,91E-08
-17,6	2,94E-08
-17,2	2,94E-08
-16,8	2,96E-08
-16,4	2,98E-08
-16	2,99E-08
-15,6	3,02E-08
-15,2	3,03E-08
-14,8	3,06E-08
-14,4	3,09E-08
-14	3,13E-08
-13,6	3,17E-08
-13,2	3,21E-08
-12,8	3,27E-08
-12,4	3,32E-08
-12	3,40E-08
-11,6	3,47E-08
-11,2	3,58E-08
-10,8	3,69E-08
-10,4	3,83E-08
-10	3,98E-08
-9,6	4,17E-08
-9,2	4,39E-08
-8,8	4,64E-08
-8,4	4,86E-08
-8	5,19E-08
-7,6	5,60E-08
-7,2	6,08E-08
-6,8	6,65E-08
-6,4	7,32E-08
-6	8,10E-08
-5,6	9,00E-08
-5,2	1,01E-07
-4,8	1,13E-07
-4,4	1,27E-07
-4	1,44E-07
-3,6	1,63E-07
-3,2	1,85E-07
-2,8	2,11E-07
-2,4	2,40E-07
-2	2,74E-07
-1,6	3,13E-07
-1,2	3,57E-07
-0,8	4,08E-07
-0,4	4,66E-07
0	5,12E-07
0,4	5,83E-07
0,8	6,68E-07
1,2	7,60E-07
1,6	8,64E-07
2	9,79E-07
2,4	1,11E-06
2,8	1,25E-06
3,2	1,41E-06
3,6	1,59E-06
4	1,78E-06
4,4	2,00E-06
4,8	2,23E-06
5,2	2,49E-06
5,6	2,78E-06
6	3,09E-06
6,4	3,43E-06
6,8	3,81E-06
7,2	4,21E-06
7,6	4,66E-06
8	5,00E-06
8,4	5,52E-06
8,8	6,09E-06
9,2	6,69E-06
9,6	7,35E-06
10	8,06E-06
10,4	8,81E-06
10,8	9,63E-06
11,2	1,05E-05
11,6	1,14E-05
12	1,24E-05
12,4	1,35E-05
12,8	1,46E-05
13,2	1,59E-05
13,6	1,71E-05
14	1,85E-05
14,4	2,00E-05
14,8	2,15E-05
15,2	2,31E-05
15,6	2,49E-05
16	2,67E-05
16,4	2,86E-05
16,8	3,06E-05
17,2	3,28E-05
17,6	3,50E-05
18	3,74E-05
18,4	3,98E-05
18,8	4,24E-05
19,2	4,52E-05
19,6	4,80E-05
20	5,01E-05
20,4	5,33E-05
20,8	5,66E-05
21,2	6,00E-05
21,6	6,35E-05
22	6,73E-05
22,4	7,11E-05
22,8	7,52E-05
23,2	7,94E-05
23,6	8,37E-05
24	8,83E-05
24,4	9,30E-05
24,8	9,79E-05
25,2	1,03E-04
25,6	1,08E-04
26	1,14E-04
26,4	1,19E-04
26,8	1,25E-04
27,2	1,31E-04
27,6	1,38E-04
28	1,44E-04
28,4	1,51E-04
28,8	1,58E-04
29,2	1,65E-04
29,6	1,72E-04
30	1,80E-04
30	1,79E-04
29,6	1,71E-04
29,2	1,63E-04
28,8	1,55E-04
28,4	1,47E-04
28	1,40E-04
27,6	1,33E-04
27,2	1,27E-04
26,8	1,20E-04
26,4	1,14E-04
26	1,08E-04
25,6	1,03E-04
25,2	9,73E-05
24,8	9,21E-05
24,4	8,72E-05
24	8,25E-05
23,6	7,79E-05
23,2	7,36E-05
22,8	6,94E-05
22,4	6,54E-05
22	6,17E-05
21,6	5,80E-05
21,2	5,46E-05
20,8	5,13E-05
20,4	4,82E-05
20	4,52E-05
19,6	4,24E-05
19,2	3,98E-05
18,8	3,72E-05
18,4	3,47E-05
18	3,24E-05
17,6	3,02E-05
17,2	2,82E-05
16,8	2,62E-05
16,4	2,44E-05
16	2,26E-05
15,6	2,10E-05
15,2	1,94E-05
14,8	1,80E-05
14,4	1,66E-05
14	1,54E-05
13,6	1,42E-05
13,2	1,30E-05
12,8	1,20E-05
12,4	1,10E-05
12	1,01E-05
11,6	9,26E-06
11,2	8,47E-06
10,8	7,73E-06
10,4	7,05E-06
10	6,42E-06
9,6	5,84E-06
9,2	5,30E-06
8,8	4,80E-06
8,4	4,34E-06
8	3,98E-06
7,6	3,58E-06
7,2	3,22E-06
6,8	2,89E-06
6,4	2,59E-06
6	2,32E-06
5,6	2,08E-06
5,2	1,85E-06
4,8	1,65E-06
4,4	1,47E-06
4	1,30E-06
3,6	1,16E-06
3,2	1,02E-06
2,8	9,05E-07
2,4	7,98E-07
2	7,04E-07
1,6	6,19E-07
1,2	5,44E-07
0,8	4,77E-07
0,4	4,18E-07
0	3,78E-07
-0,4	3,29E-07
-0,8	2,87E-07
-1,2	2,51E-07
-1,6	2,19E-07
-2	1,92E-07
-2,4	1,68E-07
-2,8	1,48E-07
-3,2	1,31E-07
-3,6	1,16E-07
-4	1,03E-07
-4,4	9,17E-08
-4,8	8,22E-08
-5,2	7,42E-08
-5,6	6,73E-08
-6	6,14E-08
-6,4	5,65E-08
-6,8	5,23E-08
-7,2	4,87E-08
-7,6	4,56E-08
-8	4,31E-08
-8,4	4,09E-08
-8,8	3,97E-08
-9,2	3,85E-08
-9,6	3,76E-08
-10	3,67E-08
-10,4	3,59E-08
-10,8	3,52E-08
-11,2	3,47E-08
-11,6	3,42E-08
-12	3,37E-08
-12,4	3,34E-08
-12,8	3,30E-08
-13,2	3,28E-08
-13,6	3,27E-08
-14	3,25E-08
-14,4	3,23E-08
-14,8	3,22E-08
-15,2	3,21E-08
-15,6	3,21E-08
-16	3,19E-08
-16,4	3,20E-08
-16,8	3,18E-08
-17,2	3,19E-08
-17,6	3,18E-08
-18	3,19E-08
-18,4	3,19E-08
-18,8	3,20E-08
-19,2	3,20E-08
-19,6	3,21E-08
-20	3,19E-08

