Id_Vd.txt
0	                2.39510355992678E-11	-5.78598280398523E-12	-1.77352160735111E-10	2.13432826967619E-10	2.90404145175671E-10	3.19425819128583E-10	3.42138761766364E-10	2.49184228806598E-10	-4.27178292738972E-11	-1.72853942270734E-9	-7.31110949558911E-9	-2.35922588132098E-8	-6.1758072433804E-8
0.0399999991059303	4.16586487528292E-11	2.73579492393594E-11	6.65165977853377E-11	2.24791490976983E-10	6.53980369857976E-10	1.63206315129116E-9	3.46869155620766E-9	6.85656598164996E-9	1.1820838530241E-8	1.7900440241192E-8	2.23747456118417E-8	1.96349851933064E-8	-4.97305308044815E-10
0.0799999982118607	4.02285704748095E-11	4.21213064427661E-11	1.17326121040762E-10	4.37493180571735E-10	1.28363109030971E-9	3.18541171218101E-9	6.80281253551129E-9	1.34700872678195E-8	2.36281181287268E-8	3.71988342351415E-8	5.13790148204407E-8	6.17413391523769E-8	5.87374344718228E-8
0.119999997317791	3.37932737348723E-11	4.31728264249642E-11	1.57914764598033E-10	6.27187690671605E-10	1.86095827636734E-9	4.66502836360405E-9	1.0014956863813E-8	1.99722300919802E-8	3.50849411745457E-8	5.58097035252558E-8	7.97546917397085E-8	1.02589730488489E-7	1.15652525778387E-7
0.159999996423721	3.09751668758906E-11	4.74209560508143E-11	1.90764321006398E-10	8.09269040669136E-10	2.40699193909677E-9	6.07625327830874E-9	1.31426425298287E-8	2.62979700238475E-8	4.63824392227252E-8	7.40999439585721E-8	1.07636942914269E-7	1.4277767945714E-7	1.71678948390763E-7
0.200000002980232	2.94189117511223E-11	5.46974965320857E-11	2.24623292188753E-10	9.75199032637875E-10	2.93565483033831E-9	7.4545871697751E-9	1.61530220310624E-8	3.2425475637865E-8	5.74895722138535E-8	9.23125895724297E-8	1.35153314317904E-7	1.82496322054249E-7	2.26653639856522E-7
0.239999994635582	3.16481563178428E-11	6.46238340618055E-11	2.67819738608566E-10	1.13742759655366E-9	3.43483241849185E-9	8.77311023828042E-9	1.90995947946249E-8	3.84362621730361E-8	6.83010554780594E-8	1.10199458447369E-7	1.62263333436385E-7	2.21703217562208E-7	2.81148004432907E-7
0.280000001192093	3.9934139328679E-11	7.87983844841023E-11	2.93518903626833E-10	1.27492438828369E-9	3.91600840643491E-9	1.00526014179536E-8	2.19366818043909E-8	4.42827641222721E-8	7.88172798138476E-8	1.27811688344082E-7	1.89019587537587E-7	2.6035485234388E-7	3.34686689029695E-7
0.319999992847443	2.97554203498862E-11	7.37510885695514E-11	3.27882637707333E-10	1.41717426682675E-9	4.37346248105541E-9	1.12774554139605E-8	2.46851072915888E-8	5.00314278895075E-8	8.94478660029563E-8	1.45168002063656E-7	2.15501202660562E-7	2.98517647934204E-7	3.881057750732E-7
0.360000014305115	3.90929233429205E-11	8.93135843060833E-11	3.47903567066155E-10	1.54937129792643E-9	4.81102135907463E-9	1.24532659739884E-8	2.73637486003508E-8	5.55607471142139E-8	9.98517748485028E-8	1.62174870865783E-7	2.41365228248469E-7	3.36158592517677E-7	4.39960587073074E-7
0.400000005960464	4.05650513179978E-11	8.17425849231057E-11	3.67882474483494E-10	1.68030678260322E-9	5.22666621094459E-9	1.35973623471841E-8	2.99856530716625E-8	6.10460659800083E-8	1.09996598496309E-7	1.78965052555213E-7	2.67129422582002E-7	3.73292323274654E-7	4.91821197101672E-7
0.439999997615814	3.40876771254273E-11	1.03950764662741E-10	3.84664827768333E-10	1.78831904840138E-9	5.64302693462082E-9	1.47038994313675E-8	3.25279785329258E-8	6.64105073155952E-8	1.19992193958751E-7	1.95790192947243E-7	2.9263540568536E-7	4.10285167617985E-7	5.43536827990465E-7
0.479999989271164	4.7042453266144E-11	9.54544498998899E-11	4.21383899995575E-10	1.90390236909366E-9	6.0230465059874E-9	1.57774611153627E-8	3.50062450138466E-8	7.16635284447875E-8	1.29860083575295E-7	2.12144797728797E-7	3.17746213340797E-7	4.46782649987654E-7	5.94178459323302E-7
0.519999980926514	4.01864930221763E-11	1.04161040903605E-10	4.41362807412915E-10	2.01321848081193E-9	6.39377040201339E-9	1.68227991537151E-8	3.74231028388294E-8	7.67868755247036E-8	1.39531422860273E-7	2.28163074211807E-7	3.42573144962444E-7	4.82721588923596E-7	6.44240572000854E-7
0.560000002384186	3.8167580207471E-11	9.79780978571654E-11	4.67482608179637E-10	2.11265027694196E-9	6.75700784213973E-9	1.78423533725436E-8	3.97737558444078E-8	8.18992447193523E-8	1.49151745176823E-7	2.44235536683846E-7	3.67151812952216E-7	5.16946386142081E-7	6.93722199684998E-7
0.600000023841858	3.61907170898235E-11	1.01300884347566E-10	4.92466734058894E-10	2.21595164440203E-9	7.10236935930197E-9	1.88199749118212E-8	4.20488284191833E-8	8.68932943376421E-8	1.58556630935891E-7	2.59990855511205E-7	3.91487930073708E-7	5.52185781543812E-7	7.42575878120988E-7
0.639999985694885	4.51917669952451E-11	1.02562763837355E-10	5.10006092913073E-10	2.30617192009674E-9	7.42278860599299E-9	1.97418206226985E-8	4.42920153886917E-8	9.18202971433857E-8	1.67762038927322E-7	2.75444591579799E-7	4.15404940667941E-7	5.87004194585461E-7	7.91217985351977E-7
0.680000007152557	3.05966363356447E-11	1.22709870042925E-10	5.30826216316171E-10	2.39075648167386E-9	7.75027508836956E-9	2.06499564114893E-8	4.6450409740828E-8	9.66233102417391E-8	1.76901892245951E-7	2.90845520112271E-7	4.39001922813986E-7	6.21573121861729E-7	8.38913308598421E-7
0.720000028610229	4.1153913610259E-11	1.19933868392152E-10	5.51099554879642E-10	2.47571940725777E-9	8.04932742681785E-9	2.15427391481171E-8	4.85420557083671E-8	1.01340894786972E-7	1.85718349143826E-7	3.05963766322748E-7	4.62507586007632E-7	6.55577650832129E-7	8.86587997683819E-7
0.759999990463257	3.61907170898235E-11	1.24476401408558E-10	5.68092073383042E-10	2.55635002055499E-9	8.34699154239615E-9	2.23936318377582E-8	5.05968955621938E-8	1.0595994126561E-7	1.94506029060904E-7	3.20886073268412E-7	4.85714394926617E-7	6.89308762957808E-7	9.33838691707933E-7
0.800000011920929	3.33305882893598E-11	1.21111537465524E-10	5.7377042006479E-10	2.63832644620265E-9	8.62072369045563E-9	2.32234071972925E-8	5.26141761270083E-8	1.10495903982155E-7	2.03226932171674E-7	3.35538175022521E-7	5.0663049933064E-7	7.22680283615773E-7	9.80662093752471E-7
0.839999973773956	4.24577872859544E-11	1.32804461872027E-10	5.93665172576863E-10	2.7057081020132E-9	8.89378259927298E-9	2.40238247073421E-8	5.45578906496758E-8	1.14956755226103E-7	2.11710940334342E-7	3.50090658685076E-7	5.29145722794055E-7	7.55764460791397E-7	1.02686385616835E-6
0.879999995231628	3.61907170898235E-11	1.32510086237048E-10	6.01824867718648E-10	2.77224820877109E-9	9.15182596372688E-9	2.4791896535703E-8	5.64521833723575E-8	1.19228445782937E-7	2.20095387248875E-7	3.64204680636249E-7	5.51215009636508E-7	7.88196757639525E-7	1.07252844827599E-6
0.920000016689301	4.54441206887424E-11	1.27504812263979E-10	6.14106709928564E-10	2.83920931209991E-9	9.39716660042222E-9	2.55365844026301E-8	5.83036161572181E-8	1.23526049833345E-7	2.28248921985141E-7	3.78363864683706E-7	5.73194768094254E-7	8.20570960513578E-7	1.11790836854198E-6
0.959999978542328	3.87984921967899E-11	1.33098893018158E-10	6.2786059684683E-10	2.89763169014634E-9	9.63262358766315E-9	2.62604107348352E-8	6.00902794190006E-8	1.27679484762666E-7	2.36461346503347E-7	3.92334698062768E-7	5.94933908359963E-7	8.52814423524251E-7	1.16282967610459E-6
1	                3.73263642217125E-11	1.25191440547567E-10	6.43843700576241E-10	2.95470825584232E-9	9.86412640457957E-9	2.69609348180211E-8	6.18505637817179E-8	1.31820414139838E-7	2.44511198843611E-7	4.0599769590699E-7	6.16466934388882E-7	8.84605697137886E-7	1.2075728363925E-6
1.03999996185303	4.6874198966762E-11	1.31752969645405E-10	6.49353626425153E-10	3.00358293792158E-9	1.0091254942779E-8	2.76387019937374E-8	6.35567189988251E-8	1.35836756953722E-7	2.52298463010447E-7	4.19551128061357E-7	6.37822495264118E-7	9.16150042939989E-7	1.25174051390786E-6
1.08000004291534	4.15324441505049E-11	1.22667792590292E-10	6.59868881758285E-10	3.06780978398535E-9	1.02978159333134E-8	2.830717527047E-8	6.521770501422E-8	1.39737267090823E-7	2.59892090070935E-7	4.32912884207326E-7	6.58834835576272E-7	9.47109299431759E-7	1.29558554817777E-6
1.12000000476837	4.93137197743465E-11	1.47399620287203E-10	6.71645905558904E-10	3.1184510529414E-9	1.04997921468453E-8	2.89261006258812E-8	6.68474768872329E-8	1.43605191738061E-7	2.66241045210336E-7	4.46061534375986E-7	6.796608431614E-7	9.77861759565712E-7	1.33898470267013E-6
1.1599999666214   	5.1963516822795E-11	1.38945382976985E-10	6.77071787524852E-10	3.17573789487824E-9	1.07112736458248E-8	2.95523872040349E-8	6.84258552041683E-8	1.47379097370504E-7	2.73593627753144E-7	4.59129381624734E-7	7.00285795574018E-7	1.00855515938747E-6	1.38223879275756E-6
1.20000004768372	4.7547132897563E-11	1.46390094490911E-10	6.86871948207823E-10	3.22133186791973E-9	1.08843538626502E-8	3.01478380038134E-8	6.99459334896346E-8	1.51086126720656E-7	2.80900565030606E-7	4.71875949870082E-7	7.20573837043048E-7	1.03888567082322E-6	1.42470855735155E-6
1.24000000953674	4.00603161754276E-11	1.37347050399583E-10	7.05715208493274E-10	3.25998583683429E-9	1.10647118134466E-8	3.0723356303497E-8	7.14596595230432E-8	1.54722712863986E-7	2.88088955358035E-7	4.84553709156899E-7	7.40739949378622E-7	1.06875518213201E-6	1.46732884331868E-6
1.27999997138977	5.93241844537573E-11	1.43866502044787E-10	7.18291370827018E-10	3.30448624019652E-9	1.12476339353407E-8	3.12832710847033E-8	7.29196329984916E-8	1.58258714577642E-7	2.95126653782063E-7	4.97081998673821E-7	7.60602290483803E-7	1.09829659322713E-6	1.50891639805195E-6
1.32000005245209	4.48973358491145E-11	1.48072526462428E-10	7.18880233119279E-10	3.34330829687701E-9	1.14135216833233E-8	3.18209352201393E-8	7.43425943028342E-8	1.61753689553734E-7	3.02076301750276E-7	5.07575236952107E-7	7.80187065174687E-7	1.12773375349207E-6	1.5507652051383E-6
1.36000001430511	4.22474832895148E-11	1.46221840191529E-10	7.21740389675318E-10	3.38133121502437E-9	1.15647305065636E-8	3.23279358838136E-8	7.57153344466133E-8	1.65162632015381E-7	3.08860933273536E-7	5.19483478456095E-7	7.99460678990727E-7	1.15647185339185E-6	1.59161641022365E-6
1.39999997615814	4.84304540915304E-11	1.41805484021873E-10	7.26913917947769E-10	3.41910189050054E-9	1.17205658511921E-8	3.28324993859042E-8	7.70518582271507E-8	1.68529012967156E-7	3.15604154366156E-7	5.31504042555753E-7	8.18653006717796E-7	1.1853894648084E-6	1.63253832852206E-6
1.44000005722046	5.30991639546841E-11	1.42310246920019E-10	7.3355949092857E-10	3.4577558594151E-9	1.18691669825921E-8	3.3335378901711E-8	7.83557041472704E-8	1.71789622527285E-7	3.22224195770104E-7	5.43130568075867E-7	8.37739321468689E-7	1.21386767659715E-6	1.67298696851503E-6
1.48000001907349	4.75051109560809E-11	1.46011563950665E-10	7.3932177047098E-10	3.48623085955069E-9	1.20076730780738E-8	3.38175638603389E-8	7.96431436356215E-8	1.7499060334103E-7	3.28731829313256E-7	5.54832240595715E-7	8.56571318763599E-7	1.24208622764854E-6	1.71336660059751E-6
1.51999998092651	5.7767929328989E-11	1.39239814123115E-10	7.46850747912475E-10	3.5192067038281E-9	1.21498811012088E-8	3.42609673964489E-8	8.09486664365977E-8	1.7811896668718E-7	3.35125008632531E-7	5.66219853226357E-7	8.75073396855441E-7	1.27005159811233E-6	1.75313221006945E-6
1.55999994277954	5.34777500060812E-11	1.5068032932497E-10	7.53790752039407E-10	3.54116247436309E-9	1.22789654000144E-8	3.46975603804367E-8	8.22126366983866E-8	1.8116122646461E-7	3.41454068575331E-7	5.7748371773414E-7	8.93557455583505E-7	1.29791101244336E-6	1.79295545876812E-6
1.60000002384186	4.86828077850276E-11	1.59933705168314E-10	7.61445739794198E-10	3.57636764647395E-9	1.24088082031903E-8	3.51083677685438E-8	8.34576781016949E-8	1.84246886192341E-7	3.47646846421412E-7	5.88641626109165E-7	9.11632298539189E-7	1.32539832975453E-6	1.83179099622066E-6
1.63999998569489	5.70949676426125E-11	1.51521545310729E-10	7.58838047953958E-10	3.59962726292906E-9	1.25130341643853E-8	3.535829407042E-8	8.46310044266829E-8	1.87215221103543E-7	3.53682963805113E-7	5.99633381170861E-7	9.29519444525795E-7	1.35242987653328E-6	1.8706307400862E-6
1.67999994754791	4.59908777727946E-11	1.58167173802681E-10	7.66787577877182E-10	3.62276031395936E-9	1.26274395384485E-8	3.57608165302281E-8	8.57838600154537E-8	1.90045454928622E-7	3.59693927975968E-7	6.10444260473741E-7	9.47304499732127E-7	1.37923143483931E-6	1.90892160389922E-6
1.72000002861023	5.17111631292977E-11	1.49881190791845E-10	7.71372132835069E-10	3.6460621188894E-9	1.27334329746986E-8	3.61468508458529E-8	8.69144116677489E-8	1.92929348941107E-7	3.65577335514899E-7	6.21199660599814E-7	9.64853143159417E-7	1.40586064389936E-6	1.94724361790577E-6
1.75999999046326	5.48236733788343E-11	1.68892705376678E-10	7.71666563981199E-10	3.67003716306158E-9	1.28425803325172E-8	3.65256518364276E-8	8.80043273809861E-8	1.95646777001457E-7	3.71325171499848E-7	6.31774128123652E-7	9.82098981694435E-7	1.43219790516014E-6	1.98501084014424E-6
1.79999995231628	5.7978205569853E-11	1.57494212116305E-10	7.73517305763249E-10	3.69287622703496E-9	1.29421806605023E-8	3.68684034413036E-8	8.90964813038408E-8	1.98405416540481E-7	3.77013861907471E-7	6.42134125428129E-7	9.99157578007726E-7	1.45841181620199E-6	2.02246269509487E-6
1.8400000333786	        5.61275748101053E-11	1.6548576398101E-10	7.86850640199788E-10	3.71314934355382E-9	1.30434205658503E-8	3.7216835835352E-8	9.0151367260205E-8	2.01050539772041E-7	3.82640678253665E-7	6.52344454010745E-7	1.01619934866903E-6	1.48413425904437E-6	2.05951664611348E-6
1.87999999523163	5.50339496196983E-11	1.55601448392773E-10	7.91771592734136E-10	3.7322869239631E-9	1.31310340378832E-8	3.75350701631305E-8	9.11874167286442E-8	2.03591611125375E-7	3.88071129009404E-7	6.62268291762302E-7	1.03282650343317E-6	1.50955031585909E-6	2.09613949664345E-6
1.91999995708466	5.19214948813129E-11	1.58461604948812E-10	7.95725429991734E-10	3.74688235993403E-9	1.32250814743884E-8	3.78421134428208E-8	9.21601071013356E-8	2.06158233595488E-7	3.93463608361344E-7	6.722669922965E-7	1.04923185517691E-6	1.53474218222982E-6	2.13257044379134E-6
1.96000003814697	5.11223008370365E-11	1.52446916201754E-10	7.90257470573152E-10	3.76917430600088E-9	1.33023476678318E-8	3.81600919752145E-8	9.31524155589614E-8	2.08658462952371E-7	3.98762779241224E-7	6.82181564570783E-7	1.06557502022042E-6	1.55976670157543E-6	2.16870830627158E-6
2	                5.54546131237288E-11	1.61447882840449E-10	7.9080425541278E-10	3.78301256986902E-9	1.33878996777526E-8	3.8475970853824E-8	9.40555011652577E-8	2.11041836450931E-7	4.03974297569221E-7	6.91833690780186E-7	1.08166500467632E-6	1.58463024035882E-6	2.20454103327938E-6
2.03999996185303	4.64535632183072E-11	1.57956842050666E-10	7.92991505793594E-10	3.79121445348574E-9	1.34609168256361E-8	3.87466698725802E-8	9.49961957985579E-8	2.13475800592278E-7	4.09113994237487E-7	7.0132557539182E-7	1.09762197553209E-6	1.60919648806157E-6	2.24026143769152E-6
2.07999992370605	4.66638672147468E-11	1.49544682193081E-10	7.96734844765723E-10	3.8108565192374E-9	1.35445343829588E-8	3.90315513243422E-8	9.59072679052042E-8	2.15780374901442E-7	4.14129885939474E-7	7.10721906216349E-7	1.11337215003005E-6	1.63340268954926E-6	2.27513305617322E-6
2.11999988555908	5.044933915066E-11	1.62204999432092E-10	8.04347866090183E-10	3.83449494378851E-9	1.36079192358807E-8	3.92959478290322E-8	9.67535314089218E-8	2.18055276945961E-7	4.1910243453458E-7	7.19928607395559E-7	1.12901579996105E-6	1.65757990089332E-6	2.3101206352294E-6
2.16000008583069	4.38457881113408E-11	1.58798113547576E-10	8.07670652580583E-10	3.83478937493464E-9	1.36813991247209E-8	3.95579853318395E-8	9.75988285745188E-8	2.20282970531116E-7	4.23935404114673E-7	7.2914372140076E-7	1.14433635189926E-6	1.68122505783685E-6	2.34475805882539E-6
2.20000004768372	4.62432869774432E-11	1.6548576398101E-10	8.10699007924853E-10	3.84416898313589E-9	1.37430609115086E-8	3.98207831153741E-8	9.84153984973091E-8	2.22464507260156E-7	4.28674923114158E-7	7.38124185772904E-7	1.15953093882126E-6	1.70494763551687E-6	2.37905078392942E-6
2.24000000953674	4.71265526602593E-11	1.61069352300203E-10	8.0762857512795E-10	3.85598797336684E-9	1.37988767079378E-8	4.0063767414722E-8	9.91984450138261E-8	2.24557069827824E-7	4.3343561628717E-7	7.47029275771638E-7	1.17452384529315E-6	1.7281859072682E-6	2.41303246184543E-6
2.27999997138977	4.69582983608774E-11	1.69649766457169E-10	8.12171163655506E-10	3.87546217339718E-9	1.38683180495036E-8	4.02966975343588E-8	9.99944447244161E-8	2.26656752033705E-7	4.38035499428224E-7	7.55817040953843E-7	1.18937384741002E-6	1.75135289737227E-6	2.44687976191926E-6
2.3199999332428	        4.54020432361091E-11	1.67042019105779E-10	8.20583323513091E-10	3.89014109813957E-9	1.39181608460603E-8	4.05107023482287E-8	1.00765973343186E-7	2.28638782573398E-7	4.42521269405916E-7	7.64204855840944E-7	1.20401273306925E-6	1.77396827893972E-6	2.4801011022646E-6
2.35999989509583	4.62432869774432E-11	1.65401609075744E-10	8.1120382633415E-10	3.89788068488883E-9	1.3970526069329E-8	4.07206321995091E-8	1.01506742566926E-7	2.30617956731294E-7	4.46910263462996E-7	7.72801229231845E-7	1.21849643619498E-6	1.79634366759274E-6	2.51286314778554E-6
2.40000009536743	5.25944565676895E-11	1.68976804770793E-10	8.19742218549635E-10	3.90006782424734E-9	1.40159093220404E-8	4.09384206534469E-8	1.02217406094951E-7	2.32638726060941E-7	4.51220302011279E-7	7.81234462010616E-7	1.23272764085414E-6	1.81889356554166E-6	2.54561587098578E-6
2.44000005722046	5.37301036995785E-11	1.57956842050666E-10	8.27270973946526E-10	3.91348509154454E-9	1.40680231908163E-8	4.11458671578657E-8	1.02929284651054E-7	2.34501783324959E-7	4.55549781008813E-7	7.89430373515643E-7	1.24695395697927E-6	1.84102032108058E-6	2.5783031105675E-6
2.48000001907349	4.79257189489601E-11	1.70490982442928E-10	8.24537049748386E-10	3.91373733421574E-9	1.4118917590622E-8	4.13348892891463E-8	1.03582706856287E-7	2.36375910844799E-7	4.59749571746215E-7	7.97524194240395E-7	1.26076338347048E-6	1.86297518212086E-6	2.61055106420827E-6
2.51999998092651	4.96081509204771E-11	1.51269191617232E-10	8.21845091980578E-10	3.92488352929377E-9	1.41559306499062E-8	4.15277767729094E-8	1.04252940502647E-7	2.38173640809691E-7	4.63841729470005E-7	8.05514446255984E-7	1.27453915865772E-6	1.88474928108917E-6	2.64218010670447E-6
2.55999994277954	5.044933915066E-11	1.63466823410729E-10	8.30299329290796E-10	3.92711285712721E-9	1.42016931548028E-8	4.16996783769719E-8	1.04910228060362E-7	2.3998399001357E-7	4.67853709551491E-7	8.13417273093364E-7	1.28820420286502E-6	1.90610614936304E-6	2.67440532297769E-6
2.59999990463257	4.31728264249642E-11	1.63298569111348E-10	8.2012069357873E-10	3.94271726378292E-9	1.42461091812152E-8	4.18696082249426E-8	1.05522502735766E-7	2.41688724145206E-7	4.71902325216433E-7	8.21179582999321E-7	1.30159480704606E-6	1.92742027138593E-6	2.70562031801092E-6
2.64000010490417	5.32253408014327E-11	1.69313257858406E-10	8.20078616126096E-10	3.9426755193972E-9	1.4271638981711E-8	4.20348200691478E-8	1.06131800237108E-7	2.4337009563169E-7	4.75778364261714E-7	8.28742543035332E-7	1.31483716359071E-6	1.94841254597122E-6	2.73657497018576E-6
2.6800000667572	        5.05334940559266E-11	1.74612907466454E-10	8.29037671845612E-10	3.95912103101637E-9	1.43065923552399E-8	4.21841335196405E-8	1.06721323334114E-7	2.45130621578937E-7	4.79586049095815E-7	8.36291576433723E-7	1.32794548335369E-6	1.96925839190953E-6	2.76744526672701E-6
2.72000002861023	4.86407303323944E-11	1.69187081011657E-10	8.34337210431357E-10	3.95306454237243E-9	1.43461296175929E-8	4.23375752234278E-8	1.07300159868373E-7	2.46740569309623E-7	4.83324299693777E-7	8.4374397602005E-7	1.34075969526748E-6	1.9898222944903E-6	2.79779828815663E-6
2.75999999046326	4.98184271613411E-11	1.7137427588132E-10	8.30089164072234E-10	3.94431554084917E-9	1.43862974866238E-8	4.2496694163674E-8	1.07853686870385E-7	2.48319025786259E-7	4.87017530304001E-7	8.50997764700878E-7	1.35362517994508E-6	2.01024568013963E-6	2.82794599115732E-6
2.79999995231628	5.06175934500419E-11	1.62120900037976E-10	8.31266777634454E-10	3.94074017862067E-9	1.44101885979353E-8	4.26085726701331E-8	1.08405060927907E-7	2.49799654739036E-7	4.90589968649147E-7	8.58197722664045E-7	1.36611527068453E-6	2.03023023459536E-6	2.85792975773802E-6
2.83999991416931	4.31728264249642E-11	1.73098729794319E-10	8.39931402207839E-10	3.94852195384487E-9	1.44354670439384E-8	4.27677306902297E-8	1.08905624074396E-7	2.51250781957424E-7	4.94120342864335E-7	8.65287574924878E-7	1.3785273722533E-6	2.05008336706669E-6	2.88736350739782E-6
2.88000011444092	4.37196112645921E-11	1.66957864200512E-10	8.35346625205347E-10	3.95621890803E-9	1.44624703324325E-8	4.29000976964744E-8	1.09425286609621E-7	2.52735361527812E-7	4.97648500186187E-7	8.72165742293873E-7	1.39084920647292E-6	2.06962931770249E-6	2.91634432869614E-6
2.92000007629395	5.65481828029846E-11	1.6906095967606E-10	8.33538071898232E-10	3.95058252777858E-9	1.44938896440294E-8	4.30064694967314E-8	1.09904192413524E-7	2.54286533163395E-7	5.00353792176611E-7	8.79029244060803E-7	1.40298618589441E-6	2.08912501875602E-6	2.94530127575854E-6
2.96000003814697	5.25944565676895E-11	1.56610918677913E-10	8.33201674321771E-10	3.9618548441922E-9	1.45163072673427E-8	4.31372768616711E-8	1.10404592135183E-7	2.55586201092228E-7	5.03595401823986E-7	8.85817883045092E-7	1.4149378557704E-6	2.10855046134384E-6	2.97430619866645E-6
3	                4.42664238597956E-11	1.62793861724353E-10	8.32023949737248E-10	3.95722832280399E-9	1.45235850013137E-8	4.3244998693126E-8	1.10874573522324E-7	2.56977330082009E-7	5.06774370023777E-7	8.92451282652473E-7	1.42672365655017E-6	2.12763302442909E-6	3.00282363241422E-6
3.03999996185303	5.67584590438486E-11	1.69018882223426E-10	8.26724189106898E-10	3.95949939502316E-9	1.45626168901458E-8	4.33697060486793E-8	1.11342089326172E-7	2.58338928915691E-7	5.09935659920302E-7	8.99017834399274E-7	1.4385449276233E-6	2.14643455365149E-6	3.03106617138837E-6
3.07999992370605	5.93241844537573E-11	1.73519393298349E-10	8.31813562474082E-10	3.96412636050059E-9	1.45787693028865E-8	4.34632916324063E-8	1.11773331923359E-7	2.59608640362785E-7	5.13048235006863E-7	9.05448018784227E-7	1.45002195495181E-6	2.1651915176335E-6	3.05919343190908E-6
3.11999988555908	4.35513569652102E-11	1.76000963802991E-10	8.36272107118674E-10	3.96997279494826E-9	1.45839420540028E-8	4.35644906815469E-8	1.12210599922946E-7	2.60889521541685E-7	5.16082479862234E-7	9.11792540136958E-7	1.46137676892977E-6	2.18356422010402E-6	3.08719199892948E-6
3.16000008583069	5.06596709026752E-11	1.66369001908251E-10	8.49100623145915E-10	3.97645028016314E-9	1.46082106411427E-8	4.36521432334303E-8	1.12586455713881E-7	2.62131663930631E-7	5.19030947998544E-7	9.18092382562463E-7	1.47258128890826E-6	2.20187871491362E-6	3.11464941660233E-6
3.20000004768372	5.23421028741922E-11	1.75033570970484E-10	8.42581060478409E-10	3.97287491793463E-9	1.46228069652921E-8	4.37413980591828E-8	1.1302439162364E-7	2.6336721248299E-7	5.22013010595401E-7	9.24149105685501E-7	1.48374294894893E-6	2.21985214921006E-6	3.14180442728684E-6
3.24000000953674	5.13326325890517E-11	1.68261765631783E-10	8.3408485673786E-10	3.97358990156249E-9	1.46364333986071E-8	4.38300631344646E-8	1.13423844538829E-7	2.6451687062945E-7	5.24870642948372E-7	9.30202531890245E-7	1.49474533372995E-6	2.23794017983892E-6	3.16887690132717E-6
3.27999997138977	5.17111631292977E-11	1.64223940002373E-10	8.39132152652411E-10	3.9725804867885E-9	1.46514489429705E-8	4.3917339098698E-8	1.13784139443851E-7	2.65675424770961E-7	5.2774134928768E-7	9.36172682486358E-7	1.50546077293257E-6	2.25546091314754E-6	3.19577361551637E-6
3.3199999332428	        5.34356725534479E-11	1.69523589610421E-10	8.40856662076561E-10	3.96711241634762E-9	1.46739518314121E-8	4.40025118564336E-8	1.1414094558404E-7	2.66767017365055E-7	5.30537931808794E-7	9.42033409501164E-7	1.51620679389453E-6	2.27286136578186E-6	3.22225196214276E-6
3.35999989509583	4.4182268954529E-11	1.7381382444448E-10	8.47586389962629E-10	3.97094046533653E-9	1.46808920575836E-8	4.40639595922221E-8	1.14451516708414E-7	2.67935007514097E-7	5.33310185346636E-7	9.47790738337062E-7	1.52674260789354E-6	2.29005627261358E-6	3.24853681377135E-6
3.40000009536743	5.28888877138201E-11	1.65275432228995E-10	8.45903957991112E-10	3.97325328194142E-9	1.46974636905384E-8	4.4155864742379E-8	1.14818540453143E-7	2.68925390400909E-7	5.35880928964616E-7	9.53390610902716E-7	1.53695077642624E-6	2.30726436711848E-6	3.27441330227884E-6
3.44000005722046	5.57490442698594E-11	1.75664510715379E-10	8.44515957165726E-10	3.97842692123618E-9	1.47081467005705E-8	4.4206633020849E-8	1.15173115489142E-7	2.70015931391754E-7	5.38566098384763E-7	9.59008389145311E-7	1.54723136347457E-6	2.32424008572707E-6	3.30000239046058E-6
3.48000001907349	5.26365340203228E-11	1.6906095967606E-10	8.35304547752713E-10	3.97051946876559E-9	1.47137830808219E-8	4.42801955102823E-8	1.15444912296425E-7	2.70979114702641E-7	5.41167139544996E-7	9.64459104579873E-7	1.55743407503905E-6	2.34076401284256E-6	3.32540275849169E-6
3.51999998092651	4.18269030522112E-11	1.71921060720948E-10	8.38753677623316E-10	3.97190724754637E-9	1.47262335659093E-8	4.43440022479535E-8	1.15790186328013E-7	2.72014631264028E-7	5.43654209650413E-7	9.70000542110938E-7	1.56734495249111E-6	2.35733614317724E-6	3.35069307766389E-6
3.55999994277954	4.5570297535491E-11	1.76253317496489E-10	8.36019642402874E-10	3.97809074570432E-9	1.47310279530188E-8	4.44170638047581E-8	1.16091761981352E-7	2.72978979865002E-7	5.46187891359295E-7	9.75235025180154E-7	1.5771513517393E-6	2.37389713220182E-6	3.3757676192181E-6
3.59999990463257	5.4949850225583E-11	1.6851411932528E-10	8.37828306732291E-10	3.97312716060583E-9	1.47322909427317E-8	4.44687984213488E-8	1.16382949499894E-7	2.73921983762193E-7	5.48553032331256E-7	9.8058433195547E-7	1.58701755026414E-6	2.38990924117388E-6	3.40065525961109E-6
3.64000010490417	5.52022039190803E-11	1.7065923674231E-10	8.43927094873465E-10	3.9767868997842E-9	1.47391459037749E-8	4.45194814346905E-8	1.16664757854323E-7	2.74793450216748E-7	5.50983713765163E-7	9.85653059615288E-7	1.59650812747714E-6	2.40611939261726E-6	3.42507405548531E-6
3.6800000667572	        4.35934344178435E-11	1.70701314194943E-10	8.42286740354581E-10	3.97758581627272E-9	1.47568544051069E-8	4.45745804711351E-8	1.16909973257862E-7	2.75757770396012E-7	5.53334473352152E-7	9.90711328086036E-7	1.60601837251306E-6	2.42170540332154E-6	3.44939803653688E-6
3.72000002861023	5.30991639546841E-11	1.83950493726215E-10	8.43464464939103E-10	3.97598753920647E-9	1.47597143396183E-8	4.45990622210957E-8	1.17231188312417E-7	2.76611700655849E-7	5.55546478153701E-7	9.95839400275145E-7	1.61522723374219E-6	2.43734780269733E-6	3.47330251315725E-6
3.75999999046326	4.29204449758913E-11	1.81258535958406E-10	8.47796666203493E-10	3.96778565558975E-9	1.47644252379564E-8	4.46734631509571E-8	1.17472659155737E-7	2.77486947197758E-7	5.57822772861982E-7	1.00068348274363E-6	1.62459502917045E-6	2.45284763877862E-6	3.49743845617922E-6
3.79999995231628	4.95660734678438E-11	1.77683395774508E-10	8.48932313335382E-10	3.97741750646219E-9	1.47612704282096E-8	4.46971881729041E-8	1.17681288713811E-7	2.78259591368624E-7	5.60013347694621E-7	1.00532065516745E-6	1.63356958182703E-6	2.4682772163942E-6	3.52125357494515E-6
3.83999991416931	4.82621997921484E-11	1.73940001291228E-10	8.43632774749636E-10	3.97358990156249E-9	1.47659386939836E-8	4.4753168282341E-8	1.17972007274147E-7	2.79090897947754E-7	5.62158390948753E-7	1.01011278275109E-6	1.6424780824309E-6	2.48309402195446E-6	3.54457506546169E-6
3.88000011444092	4.70003758135107E-11	1.72005160115063E-10	8.4472623340659E-10	3.97089783277238E-9	1.47612704282096E-8	4.47885035725903E-8	1.18189589670692E-7	2.79865901120502E-7	5.64263586966263E-7	1.01471039215539E-6	1.65138919783203E-6	2.49801473728439E-6	3.56744021701161E-6
3.92000007629395	5.06175934500419E-11	1.77515141475126E-10	8.4329615512857E-10	3.97026722609439E-9	1.47682941431526E-8	4.47999433106361E-8	1.18393039372222E-7	2.80612226788435E-7	5.66380094824126E-7	1.01935472685E-6	1.66004508628248E-6	2.51290543928917E-6	3.59043201569875E-6
3.96000003814697	5.13746545305338E-11	1.70617214800828E-10	8.40225722331667E-10	3.96429467031112E-9	1.47732572841619E-8	4.48628654226013E-8	1.18588708630796E-7	2.81382540379127E-7	5.6833590633687E-7	1.02377703115053E-6	1.66862525929901E-6	2.52734207606409E-6	3.61309025720402E-6
4	                4.77153871969449E-11	1.66158725667387E-10	8.42833525194209E-10	3.96753341291856E-9	1.47716603393633E-8	4.48814141407183E-8	1.188326166357E-7	2.82089359870952E-7	5.70357371998398E-7	1.0281156619385E-6	1.6771354012235E-6	2.54159272117249E-6	3.6356918826641E-6
4.03999996185303	4.77574646495782E-11	1.7095366788844E-10	8.43170144815275E-10	3.9655563277563E-9	1.47582417397985E-8	4.49159891502404E-8	1.19026310585468E-7	2.82771964066342E-7	5.72227747852594E-7	1.03249249150394E-6	1.68551309798204E-6	2.55573013419053E-6	3.65811388292059E-6
4.07999992370605	5.40666122983424E-11	1.67925257033019E-10	8.38837832528583E-10	3.97295885079529E-9	1.47695979890727E-8	4.49348718234432E-8	1.19260917585962E-7	2.8340227231638E-7	5.74137345665804E-7	1.03677723473083E-6	1.69369559444021E-6	2.5700153400976E-6	3.68019641427964E-6
4.11999988555908	5.34777500060812E-11	1.73855846385962E-10	8.43927094873465E-10	3.95655508356185E-9	1.47666119332257E-8	4.49300365801264E-8	1.19426303513137E-7	2.84064952893459E-7	5.75937576741126E-7	1.0410034292363E-6	1.70184239323135E-6	2.58374575423659E-6	3.7021991374786E-6
4.15999984741211	5.39824573930758E-11	1.75075592911966E-10	8.44431802260459E-10	3.94662924563249E-9	1.47691769925018E-8	4.49766410781649E-8	1.1962748658334E-7	2.84682442952544E-7	5.77724733830109E-7	1.04507194009784E-6	1.70978557889612E-6	2.59775856648048E-6	3.72377326129936E-6
4.19999980926514	5.52442813717136E-11	1.79576103986889E-10	8.43842939968198E-10	3.94763866040648E-9	1.47725414123556E-8	4.49806805136177E-8	1.19803502229843E-7	2.85316161807714E-7	5.7954048315878E-7	1.04928983546415E-6	1.71756471445406E-6	2.61155264524859E-6	3.74529531654844E-6
4.23999977111816	6.49182652079361E-11	1.6691584225903E-10	8.44263603472228E-10	3.95146582121697E-9	1.47693866026088E-8	4.50077237701407E-8	1.19961100608634E-7	2.86039039565367E-7	5.81294443691149E-7	1.05326330412936E-6	1.72539353116008E-6	2.6245968456351E-6	3.76657612832787E-6
4.28000020980835	6.60118903983431E-11	1.80585629783181E-10	8.42034275638781E-10	3.94932087033339E-9	1.47561385333006E-8	4.50230324133827E-8	1.20127040759144E-7	2.8656978656727E-7	5.82901577672601E-7	1.05706988051679E-6	1.73306068518286E-6	2.63827200797095E-6	3.78760250896448E-6
4.32000017166138	6.13851469655202E-11	1.75916864408876E-10	8.48385528495754E-10	3.94763866040648E-9	1.47669902972325E-8	4.50469244128726E-8	1.20230211564376E-7	2.87160219158977E-7	5.84558335958718E-7	1.06096092622465E-6	1.74081378645496E-6	2.65128960563743E-6	3.80794767806947E-6
4.3600001335144	        3.97238353322393E-11	1.78692866059649E-10	8.38164815331055E-10	3.95520949325601E-9	1.47724170673769E-8	4.50730865964033E-8	1.20391476343684E-7	2.87758751937872E-7	5.86174792260863E-7	1.0647316912582E-6	1.74802016772446E-6	2.66415213445725E-6	3.8289081203402E-6
4.40000009536743	4.78415640436936E-11	1.85548770792465E-10	8.43716818632601E-10	3.94431554084917E-9	1.47531098448894E-8	4.50839792165425E-8	1.20581930218577E-7	2.88222508970648E-7	5.87704903409758E-7	1.06828031221085E-6	1.75536729329906E-6	2.67704604084429E-6	3.84926988772349E-6
4.44000005722046	6.45397346676901E-11	1.77220710328996E-10	8.41024860864792E-10	3.9387217931619E-9	1.47510919035199E-8	4.50958843600802E-8	1.20723171903592E-7	2.88767239453591E-7	5.89247292737127E-7	1.07193875464873E-6	1.76270566498715E-6	2.68991243501659E-6	3.86928968509892E-6
4.48000001907349	5.67164371023665E-11	1.82268061754698E-10	8.35220503869749E-10	3.93977339641083E-9	1.47494931823644E-8	4.5104801671414E-8	1.20841306738839E-7	2.89239380890649E-7	5.90820377510681E-7	1.07548657979351E-6	1.76984246991196E-6	2.7022917947761E-6	3.88937405659817E-6
4.51999998092651	5.0281084851278E-11	1.73098729794319E-10	8.32318269861076E-10	3.93459931302687E-9	1.47392311689032E-8	4.51115269584079E-8	1.20934146252694E-7	2.8976677413084E-7	5.92191952364374E-7	1.07895243672829E-6	1.7768322777556E-6	2.71504745796847E-6	3.90939430872095E-6
4.55999994277954	4.89351614785249E-11	1.67294372799276E-10	8.47249992386168E-10	3.92850063590799E-9	1.47433096842065E-8	4.51020660818813E-8	1.21084298143614E-7	2.90205264263932E-7	5.93675451909803E-7	1.0824198852788E-6	1.78380344095785E-6	2.7269404654362E-6	3.92910078517161E-6
4.59999990463257	5.24262022683075E-11	1.74991493517851E-10	8.45273018246218E-10	3.9319498768009E-9	1.47324579202746E-8	4.51253256983364E-8	1.21229021488034E-7	2.90707987460337E-7	5.95135816183756E-7	1.08585425095953E-6	1.79042240233684E-6	2.73921114057885E-6	3.94836115447106E-6
4.6399998664856  	6.15534012649022E-11	1.60522567460575E-10	8.41866187872853E-10	3.94074017862067E-9	1.47266954186875E-8	4.51151045410825E-8	1.2136345617364E-7	2.91168646526785E-7	5.96535187469271E-7	1.08915514829278E-6	1.7971000261241E-6	2.75098386737227E-6	3.9675678635831E-6
4.67999982833862	5.97868698992698E-11	1.699441976033E-10	8.3248657967161E-10	3.93804855391977E-9	1.47232048774981E-8	4.51254926758793E-8	1.21471970260245E-7	2.91585962486351E-7	5.97846621985809E-7	1.09252630409173E-6	1.80385370640579E-6	2.76308924185287E-6	3.98659403799684E-6
4.71999979019165	5.5875221116608E-11	1.68430019931165E-10	8.43716818632601E-10	3.93232824080769E-9	1.47141614448287E-8	4.51255779410076E-8	1.21564085020509E-7	2.91975311483839E-7	5.99158056502347E-7	1.09558664007636E-6	1.81022130618658E-6	2.77447475127701E-6	4.00528733734973E-6
4.76000022888184	5.44871647800704E-11	1.65527841433644E-10	8.38879909981216E-10	3.92383192604484E-9	1.4711470264217E-8	4.51338237894561E-8	1.21672144359763E-7	2.92442138061233E-7	6.00425778429781E-7	1.09873280962347E-6	1.81668690402148E-6	2.78611310022825E-6	4.02365321860998E-6
4.80000019073486	5.28047328085535E-11	1.78650788607015E-10	8.4342238748647E-10	3.93287491462502E-9	1.47012491069631E-8	4.51294077663533E-8	1.21759541116262E-7	2.92896515929897E-7	6.01663657562312E-7	1.10190967461676E-6	1.82310952823173E-6	2.79758842225419E-6	4.04235015594168E-6
4.84000015258789	5.72632219419944E-11	1.66663433054381E-10	8.47123760028268E-10	3.92105592439407E-9	1.47129428640369E-8	4.51174635429652E-8	1.21839590860873E-7	2.93245619786831E-7	6.02785803494044E-7	1.10485723325837E-6	1.82953601779445E-6	2.80861718238157E-6	4.06041544920299E-6
4.88000011444092	6.04598315856464E-11	1.74739139824354E-10	8.39132152652411E-10	3.9247995964331E-9	1.47037306774678E-8	4.5129112891118E-8	1.21934476737806E-7	2.93583667598796E-7	6.04079616550735E-7	1.1077897852374E-6	1.8357359294896E-6	2.81971188087482E-6	4.07808693125844E-6
4.92000007629395	6.0754262731777E-11	1.69775943303918E-10	8.38290936666652E-10	3.92765953094454E-9	1.47000287498145E-8	4.5134875392705E-8	1.22018718684558E-7	2.94016729185387E-7	6.05303966949577E-7	1.11067856778391E-6	1.84179350526392E-6	2.83058352579246E-6	4.09607173423865E-6
4.96000003814697	6.07121852791437E-11	1.77641318321875E-10	8.38963842841878E-10	3.91520948994639E-9	1.46876208972913E-8	4.51198971518352E-8	1.22066708740931E-7	2.94344346229991E-7	6.06374499056983E-7	1.11361850940739E-6	1.84764417099359E-6	2.84137172457122E-6	4.11388691645698E-6
5	                5.85250459206321E-11	1.77052511540765E-10	8.37155289534763E-10	3.90911081282752E-9	1.46869476580491E-8	4.5094370904053E-8	1.22182882478228E-7	2.94673014877844E-7	6.07454978762689E-7	1.11644885691931E-6	1.85363410309947E-6	2.85197393168346E-6	4.13120096709463E-6
5.03999996185303	6.10486938779076E-11	1.69649766457169E-10	8.43927094873465E-10	3.90418986029317E-9	1.46772736187017E-8	4.51130404144351E-8	1.22275963576612E-7	2.94957885671465E-7	6.08488051057066E-7	1.11926988211053E-6	1.85913472705579E-6	2.86260387838411E-6	4.14836358686443E-6
5.07999992370605	5.46974965320857E-11	1.76421571795871E-10	8.34000701832593E-10	3.90254895066278E-9	1.46774423726015E-8	4.51066917150911E-8	1.22330604312992E-7	2.95307359010621E-7	6.09524818173668E-7	1.12203872504324E-6	1.86495219622884E-6	2.8728879897244E-6	4.16549892179319E-6
5.11999988555908	6.38667729813136E-11	1.63803332009493E-10	8.43716818632601E-10	3.90069843092533E-9	1.46727741068275E-8	4.50962218678796E-8	1.22404671287768E-7	2.95727460297712E-7	6.10538052114862E-7	1.12456996248511E-6	1.87049488431512E-6	2.88303613160679E-6	4.18238641941571E-6
5.15999984741211	6.09645944837922E-11	1.82646592294944E-10	8.36650582147769E-10	3.89918453080895E-9	1.46505234610572E-8	4.50829702458577E-8	1.22463973184495E-7	2.95982090392499E-7	6.11605173617136E-7	1.12725638246047E-6	1.87587363598141E-6	2.89321792479313E-6	4.19907200921443E-6
5.19999980926514	6.13851469655202E-11	1.73224962152219E-10	8.35725322279046E-10	3.89577747839098E-9	1.46510297227564E-8	4.50752715153158E-8	1.22501916166584E-7	2.96247918640802E-7	6.12501082741801E-7	1.12991676815E-6	1.88141268608888E-6	2.90306275019248E-6	4.21562526753405E-6
5.23999977111816	5.42768885392064E-11	1.80585629783181E-10	8.30846225152726E-10	3.89363252750741E-9	1.46464858019613E-8	4.5059540099146E-8	1.22602060059762E-7	2.96510847874742E-7	6.13428483120515E-7	1.13230566967104E-6	1.8868906863645E-6	2.91306196231744E-6	4.23193250753684E-6
5.28000020980835	6.04598315856464E-11	1.74444708678223E-10	8.36818891958302E-10	3.88829057840212E-9	1.46398830835892E-8	4.50522215089677E-8	1.22648756928356E-7	2.96867142424162E-7	6.14334453530319E-7	1.13476505703147E-6	1.89215427326417E-6	2.92289405479096E-6	4.24797781306552E-6
5.32000017166138	5.17111631292977E-11	1.75285924663982E-10	8.36061719855508E-10	3.88778609305973E-9	1.46272638446021E-8	4.50406538732295E-8	1.22731435681089E-7	2.97043555974597E-7	6.15171870776976E-7	1.1371078016964E-6	1.89735169442429E-6	2.93259449790639E-6	4.26424048782792E-6
5.3600001335144 	5.81464598692349E-11	1.86642340471721E-10	8.33622226803499E-10	3.89165544234515E-9	1.4622343336157E-8	4.50214336922272E-8	1.22783433198492E-7	2.97302307217251E-7	6.16255363183882E-7	1.13960459202644E-6	1.90226774066105E-6	2.94206961370946E-6	4.27994109486463E-6
5.40000009536743	5.51601819775982E-11	1.78104003767388E-10	8.40562230930431E-10	3.88803833573093E-9	1.46100189724052E-8	4.50246737671023E-8	1.22809296954074E-7	2.97526810300042E-7	6.17105854416877E-7	1.14164618025825E-6	1.90743389794079E-6	2.95119980364689E-6	4.29589999839664E-6
5.44000005722046	5.23421028741922E-11	1.72846376100821E-10	8.3421108909576E-10	3.88084586688819E-9	1.4602743014791E-8	4.50152946029903E-8	1.22872179986189E-7	2.97777972946278E-7	6.17847433659335E-7	1.14383976779209E-6	1.91233903024113E-6	2.96043617709074E-6	4.31127091360395E-6
5.48000001907349	4.76312878028295E-11	1.78608711154382E-10	8.36818891958302E-10	3.87529386358665E-9	1.45926479788727E-8	4.50098696092027E-8	1.22917811040679E-7	2.98024559697296E-7	6.18733224655443E-7	1.14601812128967E-6	1.91717867892294E-6	2.96983648695459E-6	4.32650131187984E-6
5.51999998092651	5.12905551364184E-11	1.74024100685344E-10	8.37449720680894E-10	3.87861653905475E-9	1.45877701029917E-8	4.49866917051622E-8	1.22918947909056E-7	2.98317047509045E-7	6.19523120803933E-7	1.14826707431348E-6	1.92200809578935E-6	2.97901715384796E-6	4.34182584285736E-6
5.55999994277954	5.05334940559266E-11	1.79954690038286E-10	8.3236034731371E-10	3.87390564071666E-9	1.45623220149105E-8	4.4971972812391E-8	1.22981120398435E-7	2.98449350566443E-7	6.2023980262893E-7	1.15020520752296E-6	1.92663765119505E-6	2.98764280159958E-6	4.35682022725814E-6
5.59999990463257	5.54546131237288E-11	1.63845409462127E-10	8.36187952213407E-10	3.87163456849748E-9	1.45670755458127E-8	4.49696564430724E-8	1.23042312338839E-7	2.98658306974176E-7	6.21129402134102E-7	1.15238219677849E-6	1.93134928849759E-6	2.99651105706289E-6	4.37163453170797E-6
5.6399998664856 	6.08384176370436E-11	1.70995689829923E-10	8.2802814604932E-10	3.87491549957986E-9	1.45485268276957E-8	4.49481625253156E-8	1.23081179026485E-7	2.98778502383357E-7	6.21799415512214E-7	1.15444947823562E-6	1.93589153241192E-6	3.00490796689701E-6	4.38586721429601E-6
5.67999982833862	6.03336547388977E-11	1.90554044765534E-10	8.27144852610928E-10	3.86448428812969E-9	1.45370853132931E-8	4.49347901110286E-8	1.23097038340347E-7	2.98997235859133E-7	6.22488414592226E-7	1.15648197152041E-6	1.9403221358516E-6	3.01372961075685E-6	4.40068924945081E-6
5.71999979019165	5.48236733788343E-11	1.74192354984726E-10	8.32654889482143E-10	3.86006782093773E-9	1.45303564735855E-8	4.48929817764565E-8	1.23123825801486E-7	2.99214605092857E-7	6.23154221557343E-7	1.15836576242145E-6	1.94455105884117E-6	3.02246007777285E-6	4.41265410699998E-6
5.76000022888184	6.43294584268261E-11	1.80291143125899E-10	8.30804147700093E-10	3.85388476686899E-9	1.45170231391489E-8	4.48931061214353E-8	1.23143934160908E-7	2.99369986578313E-7	6.23805760824325E-7	1.16028888896835E-6	1.94888730220555E-6	3.03047636407427E-6	4.42618920715177E-6
5.80000019073486	5.60013979633567E-11	1.73056707852837E-10	8.36650582147769E-10	3.85678733394457E-9	1.45060452538814E-8	4.4884735928008E-8	1.23175524890939E-7	2.99485634513985E-7	6.2455399074679E-7	1.16203852940089E-6	1.95330221686163E-6	3.03858951156144E-6	4.43984754383564E-6
5.84000015258789	4.89351614785249E-11	1.82604514842311E-10	8.42497127617747E-10	3.84017306842566E-9	1.44903973264832E-8	4.48713208811569E-8	1.23195874834892E-7	2.99700275263604E-7	6.25077234417404E-7	1.16401918148767E-6	1.95739380615123E-6	3.04685568153218E-6	4.45358909928473E-6
5.88000011444092	6.60959897924585E-11	1.76505671189986E-10	8.31266777634454E-10	3.8490477471953E-9	1.44870329066293E-8	4.4828038170408E-8	1.23210980973454E-7	2.99787217272751E-7	6.25698476142134E-7	1.16564899599325E-6	1.96133441932034E-6	3.05473326989159E-6	4.4669873204839E-6
5.92000007629395	5.24682797209408E-11	1.74907394123736E-10	8.34757873935388E-10	3.85140319636434E-9	1.44816079128418E-8	4.48172734479613E-8	1.23230961435183E-7	2.99938221814955E-7	6.26378607648803E-7	1.16751527912129E-6	1.96539053831657E-6	3.06260972138261E-6	4.48027822130825E-6
5.96000003814697	5.68426139491152E-11	1.84455201113209E-10	8.30593871459229E-10	3.84719722745785E-9	1.44731533424647E-8	4.4800319898286E-8	1.23208963032084E-7	3.00078482950994E-7	6.27004453690461E-7	1.16913543024566E-6	1.9692902242241E-6	3.07042523672862E-6	4.49347453468363E-6
6	                5.13326325890517E-11	1.64434216243237E-10	8.32696966934776E-10	3.83474718645971E-9	1.44687364311835E-8	4.47981776119377E-8	1.23259482620597E-7	3.00269334729819E-7	6.27474719294696E-7	1.17097692964308E-6	1.97336044038821E-6	3.07799928123131E-6	4.50669358542655E-6
6.03999996185303	5.71370450952458E-11	1.80080866885035E-10	8.27523438662325E-10	3.83491549627024E-9	1.44527962930852E-8	4.47491785848797E-8	1.23273977692406E-7	3.00395413432852E-7	6.2798994804325E-7	1.17252932341216E-6	1.97692270376137E-6	3.08568951368215E-6	4.51961250291788E-6
6.07999992370605	6.55071275001973E-11	1.73603492692465E-10	8.29878776809068E-10	3.82364317985662E-9	1.44254563849699E-8	4.47436256933997E-8	1.23265024853936E-7	3.00540904163427E-7	6.28584700734791E-7	1.17414492706303E-6	1.98083762370516E-6	3.09320716951333E-6	4.53249276688439E-6
6.11999988555908	5.83147141686169E-11	1.6691584225903E-10	8.36230029666041E-10	3.82250764374703E-9	1.44342040542256E-8	4.47102692646695E-8	1.23304516819189E-7	3.00701799460512E-7	6.29146200026298E-7	1.17577189939766E-6	1.98454245037283E-6	3.10049631480069E-6	4.54520886705723E-6
6.15999984741211	5.61695967515874E-11	1.78104003767388E-10	8.32318269861076E-10	3.83706044715382E-9	1.44170861915427E-8	4.46930670250367E-8	1.23284365827203E-7	3.007722852999E-7	6.29576902611007E-7	1.17727040560567E-6	1.9882361357304E-6	3.1074998787517E-6	4.5577635319205E-6
6.19999980926514	6.0754262731777E-11	1.65233410287513E-10	8.30131241524867E-10	3.83003628812162E-9	1.44050993355904E-8	4.4659461906349E-8	1.23308268484834E-7	3.00817788456698E-7	6.30135900792084E-7	1.17879392291798E-6	1.9918500129279E-6	3.11440976474842E-6	4.57060832559364E-6
6.23999977111816	5.33935951008147E-11	1.71416297822802E-10	8.31729407568815E-10	3.82641918150739E-9	1.44070755325743E-8	4.46322907521335E-8	1.23293077081144E-7	3.00934885899551E-7	6.30627141617879E-7	1.18024411221995E-6	1.99531064026814E-6	3.12162910631741E-6	4.58258455182659E-6
6.28000020980835	5.40245348457091E-11	1.61195529146951E-10	8.27397206304425E-10	3.82095111106651E-9	1.43892835424708E-8	4.46114256646979E-8	1.23309746413725E-7	3.01084497777993E-7	6.3110411474554E-7	1.18160869533313E-6	1.99874466488836E-6	3.12857991957571E-6	4.59485409010085E-6
6.32000017166138	5.71370450952458E-11	1.7755721892776E-10	8.24705359558919E-10	3.81943721095013E-9	1.43711975653105E-8	4.46011618748798E-8	1.23318187661425E-7	3.01109508882291E-7	6.31421301022783E-7	1.18312414087995E-6	2.00198542188446E-6	3.13559303322108E-6	4.60686169390101E-6
6.3600001335144 	6.14272244181535E-11	1.6590637197389E-10	8.30047086619601E-10	3.80088849283311E-9	1.437599195242E-8	4.45750423239133E-8	1.23295947673796E-7	3.01211059650086E-7	6.31946988960408E-7	1.18448053854081E-6	2.00547856366029E-6	3.14218777930364E-6	4.61856416222872E-6
6.40000009536743	5.73052993946277E-11	1.66326924455618E-10	8.36398339476574E-10	3.79668207983741E-9	1.43810812147649E-8	4.45620464972762E-8	1.23297795084909E-7	3.01307608197021E-7	6.32441697234754E-7	1.1858361403938E-6	2.00850104192796E-6	3.14857766170462E-6	4.63034075437463E-6
6.44000005722046	6.6390420938589E-11	1.76042985744473E-10	8.31266777634454E-10	3.80677667166651E-9	1.43523548601365E-8	4.45358026013309E-8	1.23318102396297E-7	3.01344215358768E-7	6.32656167454115E-7	1.18714854124846E-6	2.01175566871825E-6	3.1553647659166E-6	4.6419731916103E-6
6.48000001907349	6.31937557837858E-11	1.62204999432092E-10	8.26766266559531E-10	3.804968340404E-9	1.43467184798851E-8	4.45237731128145E-8	1.23317946076895E-7	3.01439740724163E-7	6.33128934168781E-7	1.18836157980695E-6	2.01507100427989E-6	3.16176533488033E-6	4.65307812191895E-6
6.51999998092651	4.96922503145925E-11	1.84076670572964E-10	8.22139634149011E-10	3.80652442899532E-9	1.43285481257749E-8	4.44968542012703E-8	1.23312304367573E-7	3.01491610343874E-7	6.33552474482713E-7	1.1895476745849E-6	2.01798206944659E-6	3.16825389745645E-6	4.66424853584613E-6
6.55999994277954	5.72211444893611E-11	1.6821968817915E-10	8.23779988667894E-10	3.79882703072099E-9	1.43176128730715E-8	4.44769163721048E-8	1.23339432889225E-7	3.01538506164434E-7	6.33925992588047E-7	1.19077742510854E-6	2.02118258130213E-6	3.17450826514687E-6	4.67545260107727E-6
6.59999990463257	5.70949676426125E-11	1.75580355810112E-10	8.22055479243744E-10	3.79256048788079E-9	1.43086111847879E-8	4.44472654237416E-8	1.23274119800953E-7	3.01569173188909E-7	6.34314631042798E-7	1.19209698823397E-6	2.02432602236513E-6	3.18077763949987E-6	4.68654161522863E-6
6.6399998664856 	6.47920883611874E-11	1.80417375483799E-10	8.17681200526721E-10	3.78275988310861E-9	1.43007881092672E-8	4.44293846157962E-8	1.23260107898204E-7	3.01656797319083E-7	6.34681839528639E-7	1.19303911105817E-6	2.02702926799248E-6	3.18690672429511E-6	4.6975037548691E-6
6.67999982833862	5.97868698992698E-11	1.65822217068623E-10	8.23064894017733E-10	3.78658748800831E-9	1.42995686402969E-8	4.44045689107497E-8	1.23286099551478E-7	3.01659525803188E-7	6.34998968962464E-7	1.19422236366518E-6	2.02979890673305E-6	3.19281821248296E-6	4.70855866296915E-6
6.71999979019165	6.70633826249656E-11	1.75706532656861E-10	8.16293088679032E-10	3.78196096662009E-9	1.42841738437482E-8	4.43768541913414E-8	1.23309689570306E-7	3.01788304568618E-7	6.35303479157301E-7	1.19536673537368E-6	2.03281479116413E-6	3.19883247357211E-6	4.71896282761008E-6
6.76000022888184	5.78520287231044E-11	1.65654018280392E-10	8.24957602230114E-10	3.77506292892349E-9	1.4276561266513E-8	4.4350777272939E-8	1.23238706351003E-7	3.01824314874466E-7	6.35558762951405E-7	1.19654612262821E-6	2.03542549570557E-6	3.20476760862221E-6	4.72956071462249E-6
6.80000019073486	5.91980076070087E-11	1.77809572621257E-10	8.1221324110814E-10	3.78229714215195E-9	1.42669280833729E-8	4.43115766302071E-8	1.23246607586225E-7	3.01825991755322E-7	6.35817059446708E-7	1.19764899864094E-6	2.03804938792018E-6	3.21035872730135E-6	4.74004218631308E-6
6.84000015258789	5.46133416268191E-11	1.61616137139831E-10	8.19615986191735E-10	3.77460018796683E-9	1.42483802534343E-8	4.43144791972827E-8	1.23257748896322E-7	3.01838610994309E-7	6.36214565474802E-7	1.19844469281816E-6	2.04092270905676E-6	3.21602283293032E-6	4.75009755973588E-6
6.88000011444092	5.7767929328989E-11	1.67378527704543E-10	8.20583323513091E-10	3.7743057568207E-9	1.42429126270827E-8	4.42784724441481E-8	1.23232723581168E-7	3.01924501400208E-7	6.36448362456576E-7	1.19955518584902E-6	2.0434056295926E-6	3.22177129419288E-6	4.7604194151063E-6
6.92000007629395	5.38142030936939E-11	1.69649766457169E-10	8.27481361209692E-10	3.76644049282504E-9	1.42329010799358E-8	4.42538272693582E-8	1.23220871728336E-7	3.01893891219152E-7	6.36633444628387E-7	1.20034508199751E-6	2.04602270059695E-6	3.22705454891548E-6	4.77069033877342E-6
6.96000003814697	6.11327932720229E-11	1.68976804770793E-10	8.21845091980578E-10	3.77216080593712E-9	1.4232019118765E-8	4.42225740471258E-8	1.23192350542922E-7	3.01990183970702E-7	6.36931247299799E-7	1.20136292025563E-6	2.04859429686621E-6	3.23248582390079E-6	4.78030733574997E-6
7	                6.64324428800711E-11	1.73855846385962E-10	8.19531831286469E-10	3.75861697321511E-9	1.42106104661366E-8	4.42016272472756E-8	1.2316627362452E-7	3.02046231581699E-7	6.37115476820327E-7	1.20232073186344E-6	2.05110109163797E-6	3.23773679156147E-6	4.79020991406287E-6
7.03999996185303	5.81464598692349E-11	1.65149255382246E-10	8.19363521475935E-10	3.75365383220583E-9	1.42088003585172E-8	4.4154980116673E-8	1.23141205676802E-7	3.0193689326552E-7	6.3741072153789E-7	1.20330662412016E-6	2.05368701244879E-6	3.2431244108011E-6	4.79947902931599E-6
7.07999992370605	5.94924387531393E-11	1.8088000541816E-10	8.27859836238787E-10	3.75054121093399E-9	1.41955096566448E-8	4.41567920006491E-8	1.23126980611232E-7	3.01967020277516E-7	6.37769062450388E-7	1.20427989713789E-6	2.05594915314578E-6	3.24822030961514E-6	4.8092065298988E-6
7.11999988555908	6.09225170311589E-11	1.6906095967606E-10	8.20835677206588E-10	3.76147690772655E-9	1.41757414695576E-8	4.41366871939408E-8	1.23109984428993E-7	3.01992599816003E-7	6.37954997273482E-7	1.20503989364806E-6	2.05807191377971E-6	3.253165004935E-6	4.81893584947102E-6
7.15999984741211	6.71054600775989E-11	1.71752806421566E-10	8.20373047272227E-10	3.76076192409869E-9	1.41777176665414E-8	4.41093881420329E-8	1.23109742844463E-7	3.01986887052408E-7	6.38108531347825E-7	1.20573554340808E-6	2.06048116524471E-6	3.25834162140382E-6	4.82793348055566E-6
7.19999980926514	5.83988690738835E-11	1.70406883048813E-10	8.12381550918673E-10	3.75743924863059E-9	1.41794425090325E-8	4.40833964887588E-8	1.23053169431842E-7	3.02020765730049E-7	6.38312542378117E-7	1.2065617056578E-6	2.06260324375762E-6	3.26317285725963E-6	4.83709391119191E-6
7.23999977111816	6.79045986107241E-11	1.70364805596179E-10	8.20583323513091E-10	3.75924802398231E-9	1.41476439452504E-8	4.40545413482596E-8	1.23055016842955E-7	3.02005929597726E-7	6.38440837974485E-7	1.20747529308574E-6	2.06496520149813E-6	3.26811232298496E-6	4.84606744066696E-6
7.28000020980835	5.95344606946213E-11	1.80501474877914E-10	8.21592849309383E-10	3.74890118948201E-9	1.41368765582683E-8	4.40314060767832E-8	1.23031668408657E-7	3.02110294114755E-7	6.38700328181585E-7	1.2082024340998E-6	2.06714571504563E-6	3.27279121847823E-6	4.85481405121391E-6
7.32000017166138	5.49919276782163E-11	1.63172392264599E-10	8.16167078365737E-10	3.74751296661202E-9	1.41226603744826E-8	4.40146656899287E-8	1.23013123243254E-7	3.02100829685514E-7	6.38925769180787E-7	1.20894992505782E-6	2.06909294320212E-6	3.27768793795258E-6	4.86389899378992E-6
7.3600001335144 	6.36985186819317E-11	1.78945219753146E-10	8.13264733334762E-10	3.7423815157922E-9	1.41226186300969E-8	4.39723955025784E-8	1.22987216855108E-7	3.02067718394028E-7	6.39094423604547E-7	1.20972583772527E-6	2.07127300200227E-6	3.28212058775534E-6	4.87237412016839E-6
7.40000009536743	6.44976572150568E-11	1.51815976456859E-10	8.11666456268512E-10	3.74297037808446E-9	1.41093270400461E-8	4.393950447934E-8	1.22993526474602E-7	3.02002803209689E-7	6.39252164091886E-7	1.2105246014471E-6	2.0732727534778E-6	3.28672308569367E-6	4.88115529151401E-6
7.44000005722046	6.45817566091722E-11	1.65317509681628E-10	8.18522416512479E-10	3.72892206002007E-9	1.41008316134617E-8	4.39203660107523E-8	1.22934139312747E-7	3.02115438444162E-7	6.39340498764795E-7	1.21129562558053E-6	2.07533435059304E-6	3.29109730046184E-6	4.88953628519084E-6
7.48000001907349	5.34777500060812E-11	1.67126118499894E-10	8.13685396838792E-10	3.73338027159775E-9	1.40807259185749E-8	4.3900470814151E-8	1.22923111689488E-7	3.02028809073818E-7	6.39468339613813E-7	1.21186178603239E-6	2.07718221645337E-6	3.29534123011399E-6	4.89784088131273E-6
7.51999998092651	5.81464598692349E-11	1.59849605774198E-10	8.13559275503195E-10	3.73161412881018E-9	1.40678544369166E-8	4.38587441919935E-8	1.22901454346902E-7	3.01974125704874E-7	6.39642905753135E-7	1.21256914553669E-6	2.07912376026798E-6	3.29989416059107E-6	4.90617821924388E-6
7.55999994277954	5.1753240581931E-11	1.7166870702745E-10	8.11792688626412E-10	3.72063624354269E-9	1.40598634956746E-8	4.38333422891901E-8	1.22845762007273E-7	3.02063398294194E-7	6.39806899016548E-7	1.21302264233236E-6	2.08118217415176E-6	3.30401212522702E-6	4.91433183924528E-6
7.59999990463257	5.63799285036026E-11	1.69649766457169E-10	8.16419321036932E-10	3.72198227793774E-9	1.40510731938548E-8	4.38076845910018E-8	1.22830542181873E-7	3.01930612067736E-7	6.39947813851904E-7	1.21384073281661E-6	2.08310143534618E-6	3.30806005877093E-6	4.92259323436883E-6
7.6399998664856 	5.75155756354917E-11	1.74192354984726E-10	8.08217437420211E-10	3.72076236487828E-9	1.40404310400299E-8	4.37959073451566E-8	1.22834322269227E-7	3.01971681437863E-7	6.40069401924848E-7	1.21439632039255E-6	2.08462483897165E-6	3.31234286932158E-6	4.93088236908079E-6
7.67999982833862	5.68846358905972E-11	1.66747587959648E-10	8.12423628371306E-10	3.71971076162936E-9	1.40373188628473E-8	4.3759612822214E-8	1.22804294733214E-7	3.01922568723967E-7	6.40136249785428E-7	1.21493553706387E-6	2.08635060516826E-6	3.31636624650855E-6	4.93851348437602E-6
7.71999979019165	6.20160867104147E-11	1.82183906849431E-10	8.09184885763869E-10	3.71512598462687E-9	1.40220937083768E-8	4.37288179000461E-8	1.22756887321884E-7	3.01838610994309E-7	6.40265000129148E-7	1.21533309993538E-6	2.08830806514015E-6	3.32053309648472E-6	4.94626237923512E-6
7.76000022888184	5.81464598692349E-11	1.72215491867078E-10	8.13685396838792E-10	3.71832253875937E-9	1.40119569280728E-8	4.36947544812938E-8	1.22735983154598E-7	3.01806295510687E-7	6.40312521227315E-7	1.21568882605061E-6	2.08998972084373E-6	3.32438412442571E-6	4.95393851451809E-6
7.80000019073486	5.6464027897718E-11	1.62667684877604E-10	8.1826995179668E-10	3.71861741399471E-9	1.4005816062479E-8	4.36740172915506E-8	1.22688419423866E-7	3.01765368249107E-7	6.40347423086496E-7	1.21623736504262E-6	2.09140512197337E-6	3.32851209350338E-6	4.96153052154114E-6
7.84000015258789	4.76733097443116E-11	1.70911590435807E-10	8.06661237806594E-10	3.7150420517662E-9	1.39937856857841E-8	4.36768381462116E-8	1.22687239922925E-7	3.01775656907921E-7	6.40443317934114E-7	1.21688174203882E-6	2.09296513276058E-6	3.33244042849401E-6	4.96921711601317E-6
7.88000011444092	6.47079334559209E-11	1.62415331184107E-10	8.07880928821447E-10	3.70330699439592E-9	1.3981924062989E-8	4.36257288072284E-8	1.2269072158233E-7	3.01737372865318E-7	6.40534210560872E-7	1.21724769996945E-6	2.09460245059745E-6	3.33613070324645E-6	4.97637665830553E-6
7.92000007629395	5.9240085059642E-11	1.72720199254073E-10	8.1196077639234E-10	3.69846997472223E-9	1.39735121251761E-8	4.35941842624743E-8	1.22683957215486E-7	3.01687038017917E-7	6.40666655726818E-7	1.21770187888615E-6	2.09618519875221E-6	3.33975640387507E-6	4.98369308843394E-6
7.96000003814697	5.7978205569853E-11	1.67168195952527E-10	8.08974498500703E-10	3.70221364676127E-9	1.3972544898877E-8	4.35497717887756E-8	1.22593149853856E-7	3.0161456265887E-7	6.40668758933316E-7	1.21822722576326E-6	2.09781273952103E-6	3.34330343321199E-6	4.9907025641005E-6
8	                5.7978205569853E-11	1.64265961943855E-10	8.11876843531678E-10	3.7011198550374E-9	1.39409150889946E-8	4.35507345741826E-8	1.22575613659137E-7	3.01637356869833E-7	6.40661198758608E-7	1.21864820812334E-6	2.09945960705227E-6	3.34693436343514E-6	4.99789894092828E-6
8.03999996185303	5.07017483553085E-11	1.73729669539213E-10	8.12255318560773E-10	3.69182462378603E-9	1.39435227808349E-8	4.35161595646605E-8	1.22564799198699E-7	3.01549448522564E-7	6.40813880181668E-7	1.2192430176583E-6	2.10083226193092E-6	3.35027198161697E-6	5.00246142109972E-6
8.07999992370605	5.66322821970999E-11	1.70070374450049E-10	8.06661237806594E-10	3.68959529595259E-9	1.39254368036745E-8	4.34780567104553E-8	1.22548939884837E-7	3.01466656082994E-7	6.40816381292098E-7	1.2196013585708E-6	2.10210828299751E-6	3.35369827553222E-6	5.00904798172996E-6
8.11999988555908	6.25628715500426E-11	1.76211240043855E-10	8.13433043145295E-10	3.68564156971729E-9	1.39282132494145E-8	4.34728804066253E-8	1.22499443477864E-7	3.01449574635626E-7	6.40784037386766E-7	1.21996140478586E-6	2.10355779017846E-6	3.35740787704708E-6	5.01556723975227E-6
8.15999984741211	5.23421028741922E-11	1.71878983268314E-10	8.03380528768827E-10	3.69089914187271E-9	1.39061731019297E-8	4.34373426116963E-8	1.22506961020008E-7	3.01392162782577E-7	6.40815528640815E-7	1.22022674986511E-6	2.10498023989203E-6	3.36049947691208E-6	5.022175173508E-6
8.19999980926514	6.09645944837922E-11	1.77809572621257E-10	8.04263711184916E-10	3.68446384513277E-9	1.39097906526331E-8	4.34008740057834E-8	1.22449009154479E-7	3.013256275608E-7	6.40807172658242E-7	1.22079040920653E-6	2.10633743336075E-6	3.36374500875536E-6	5.02865668750019E-6
8.23999977111816	6.31096563896705E-11	1.6590637197389E-10	8.04894650929811E-10	3.67281316471235E-9	1.3903691531425E-8	4.33627249663004E-8	1.22409517189226E-7	3.01337962582693E-7	6.40905113868939E-7	1.22107257993775E-6	2.1073490188428E-6	3.36705693371187E-6	5.03495766679407E-6
8.27999973297119	5.71370450952458E-11	1.83613985127451E-10	7.98333121831973E-10	3.6779863599179E-9	1.38804745475341E-8	4.33610409800167E-8	1.22383298162276E-7	3.01243233025161E-7	6.40890846170805E-7	1.22164419735782E-6	2.10859957405773E-6	3.37043479703425E-6	5.04118679600651E-6
8.31999969482422	5.51601819775982E-11	1.73056707852837E-10	8.05315203411539E-10	3.67899577469188E-9	1.38724400855494E-8	4.33266365007512E-8	1.22342385111551E-7	3.01239424516098E-7	6.40967414256011E-7	1.22194546747778E-6	2.10987309401389E-6	3.37361097990652E-6	5.04745776197524E-6
8.35999965667725	5.17111631292977E-11	1.68682373624662E-10	8.07081790288322E-10	3.6765981370479E-9	1.38602436194901E-8	4.32776339209795E-8	1.22308094319123E-7	3.01153789905584E-7	6.40957750874804E-7	1.22233655019954E-6	2.11090696211613E-6	3.37641654368781E-6	5.05365369463107E-6
8.39999961853027	5.72211444893611E-11	1.76631848036735E-10	8.0775480748585E-10	3.67213992547022E-9	1.38573410524145E-8	4.32741025235828E-8	1.22305209515616E-7	3.01049851714197E-7	6.40953942365741E-7	1.22258722967672E-6	2.11209362532827E-6	3.37920778292755E-6	5.0596468099684E-6
8.4399995803833 	5.34356725534479E-11	1.67336450251909E-10	8.10446765253658E-10	3.66271857288325E-9	1.38413991379593E-8	4.32393179039536E-8	1.22259990575913E-7	3.01134633673428E-7	6.4103977592822E-7	1.22280937375763E-6	2.11312521969376E-6	3.38236623065313E-6	5.06571632286068E-6
8.47999954223633	6.60539123398252E-11	1.73855846385962E-10	8.01655908322374E-10	3.66692454178974E-9	1.38276448069519E-8	4.3227412760416E-8	1.22213464237575E-7	3.00991473523027E-7	6.40963605746947E-7	1.22311053019075E-6	2.1141599972907E-6	3.38511313202616E-6	5.07160484630731E-6
8.52000045776367	6.31096563896705E-11	1.83151299681938E-10	8.04558142331047E-10	3.65619889919344E-9	1.38229765411779E-8	4.31992326355157E-8	1.22173929639757E-7	3.00915729667395E-7	6.41019141767174E-7	1.22337758057256E-6	2.11539918382186E-6	3.3881201488839E-6	5.07761978951748E-6
8.5600004196167 	6.01654004395158E-11	1.74949416065218E-10	8.06240685324866E-10	3.66124597306339E-9	1.38138078753514E-8	4.31766871145101E-8	1.22151462278453E-7	3.00896090266178E-7	6.40948030650179E-7	1.22365258903301E-6	2.11642782232957E-6	3.39090183842927E-6	5.08354196426808E-6
8.60000038146973	7.58961504754296E-11	1.72005160115063E-10	8.08511868566342E-10	3.64576768774327E-9	1.38117046688535E-8	4.31299582714928E-8	1.22096494692414E-7	3.0075878498792E-7	6.40919836314424E-7	1.22368123811611E-6	2.11738870348199E-6	3.39354915013246E-6	5.08912762597902E-6
8.64000034332275	5.85671233732654E-11	1.66579333660266E-10	7.98627552978104E-10	3.65758712206343E-9	1.37954687673414E-8	4.31105711129476E-8	1.220473251351E-7	3.00722689416943E-7	6.40970370113791E-7	1.22401991120569E-6	2.11860401577724E-6	3.39616121891595E-6	5.09427172801225E-6
8.68000030517578	6.76522449172268E-11	1.7410825559061E-10	8.00225941066657E-10	3.64934304997178E-9	1.37727136362287E-8	4.30756976754765E-8	1.22019471859858E-7	3.00668318686803E-7	6.40898008441582E-7	1.22411449865467E-6	2.1196608486207E-6	3.39892471856729E-6	5.10002973896917E-6
8.72000026702881	6.52126963540667E-11	1.72804298648188E-10	8.02497235330435E-10	3.64997410073897E-9	1.37739339933773E-8	4.30467608225626E-8	1.21991718060599E-7	3.00582684076289E-7	6.40962753095664E-7	1.22431129057077E-6	2.12054055737099E-6	3.40139513355098E-6	5.10537574882619E-6
8.76000022888184	5.94082838478727E-11	1.7137427588132E-10	8.10867317735386E-10	3.64173002864732E-9	1.37626612328745E-8	4.30248050520277E-8	1.21946158060382E-7	3.00552642329421E-7	6.40917733107926E-7	1.22460619422782E-6	2.12157578971528E-6	3.403908749533E-6	5.11092366650701E-6
8.80000019073486	5.93241844537573E-11	1.74865316671102E-10	8.01025079599782E-10	3.64105723349439E-9	1.37596751770275E-8	4.29900630649627E-8	1.21916428952318E-7	3.00469935154979E-7	6.40947177998896E-7	1.22468441077217E-6	2.12244844988163E-6	3.406162477404E-6	5.11604685016209E-6
8.84000015258789	7.1479738794622E-11	1.70617214800828E-10	7.92696963625161E-10	3.63579966133898E-9	1.374730906889E-8	4.29740403262713E-8	1.21909494055217E-7	3.00375319284285E-7	6.40923701666907E-7	1.22491826459736E-6	2.12340205507644E-6	3.40872497872624E-6	5.12069436808815E-6
8.88000011444092	7.98077992580915E-11	1.78945219753146E-10	8.05567668127338E-10	3.63533692038231E-9	1.37402844657686E-8	4.29454374284433E-8	1.21861873481066E-7	3.00366650662909E-7	6.40834457499295E-7	1.22515302791726E-6	2.12427266887971E-6	3.41121381097764E-6	5.12577526023961E-6
8.92000007629395	6.60118903983431E-11	1.75370079569248E-10	8.00940924694515E-10	3.63495811228631E-9	1.3709454016464E-8	4.28875601699019E-8	1.21796134067154E-7	3.00290793120439E-7	6.40789039607625E-7	1.22552012271626E-6	2.12506097341247E-6	3.4135910027544E-6	5.13123495693435E-6
8.96000003814697	8.40559566395171E-11	1.79365827746025E-10	7.97618138204115E-10	3.63558916305351E-9	1.37110101050553E-8	4.28740634106362E-8	1.21756229987113E-7	3.00163918609542E-7	6.40797907180968E-7	1.2257595471965E-6	2.12606619243161E-6	3.41601116815582E-6	5.13635359311593E-6
9	                7.58120510813143E-11	1.73687647597731E-10	8.02539201760766E-10	3.63348595655566E-9	1.37090339080714E-8	4.28332214141847E-8	1.21699443411671E-7	3.00156386856543E-7	6.40665859918954E-7	1.22601693419711E-6	2.1270902834658E-6	3.41805434800335E-6	5.14140901941573E-6
9.03999996185303	8.16584855289904E-11	1.66369001908251E-10	8.02118649279038E-10	3.62793395325411E-9	1.36877096323929E-8	4.28163104970736E-8	1.21664115226849E-7	3.00045883250277E-7	6.40675466456742E-7	1.22607752928161E-6	2.1279468001012E-6	3.42004523190553E-6	5.14596467837691E-6
9.07999992370605	8.55281123701701E-11	1.71963138173581E-10	8.01361477176243E-10	3.62477958759655E-9	1.36882567502994E-8	4.27917470346983E-8	1.2166881901976E-7	3.00001687492113E-7	6.40508517335547E-7	1.22612664199551E-6	2.12827808354632E-6	3.42220960192208E-6	5.15072179041454E-6
9.11999988555908	9.46973333082468E-11	1.70911590435807E-10	7.98879906671601E-10	3.62911167783864E-9	1.36762263736046E-8	4.27655884038813E-8	1.21635764571693E-7	2.99925602575968E-7	6.40542566543445E-7	1.22618848763523E-6	2.12909753827262E-6	3.42438374900667E-6	5.15520969202043E-6
9.15999984741211	8.54439574649035E-11	1.69733865851285E-10	7.95052412794206E-10	3.62742946791172E-9	1.36639863868027E-8	4.27442188311034E-8	1.21575908451632E-7	2.9982268756612E-7	6.40348275737779E-7	1.22635583466035E-6	2.129988388333E-6	3.4264537589479E-6	5.15965984959621E-6
9.19999980926514	8.45606640265117E-11	1.76968356635498E-10	7.99679156227029E-10	3.62532626141387E-9	1.36382034554572E-8	4.27214636999906E-8	1.21542001352282E-7	2.99801484970885E-7	6.40259543160937E-7	1.22644257771753E-6	2.13036514651321E-6	3.42837142852659E-6	5.16468981004437E-6
9.23999977111816	1.05002256889364E-10	1.7095366788844E-10	7.90846332865414E-10	3.61661944836555E-9	1.36408111472974E-8	4.26961044297514E-8	1.21493428650865E-7	2.99761978794777E-7	6.40148869024415E-7	1.22646940781124E-6	2.1310625015758E-6	3.43086162502004E-6	5.16875752509804E-6
9.27999973297119	1.00543823267074E-10	1.699441976033E-10	8.01277433293279E-10	3.61779717295008E-9	1.36353852653315E-8	4.26516031382107E-8	1.214233122937E-7	2.99602277209488E-7	6.40171606391959E-7	1.22650988032547E-6	2.13183875530376E-6	3.43267652169743E-6	5.17332091476419E-6
9.31999969482422	1.04245195808872E-10	1.66537256207633E-10	8.01193278388013E-10	3.62490570893215E-9	1.36159110653011E-8	4.26606021619591E-8	1.21389035712127E-7	2.99485066079797E-7	6.40194741663436E-7	1.22668313906615E-6	2.13236694435182E-6	3.43463216267992E-6	5.17721991855069E-6
9.35999965667725	9.34775867822424E-11	1.64097763155624E-10	7.97702293109381E-10	3.61910146295941E-9	1.36215057011668E-8	4.26125268404576E-8	1.2137792282374E-7	2.99511100365635E-7	6.40098051007953E-7	1.22667597679538E-6	2.13309817809204E-6	3.43662713930826E-6	5.18167416885262E-6
9.39999961853027	1.01847724698345E-10	1.70701314194943E-10	7.91098686558911E-10	3.61758711875382E-9	1.36003066586454E-8	4.25900630318665E-8	1.21328582736169E-7	2.99378342560885E-7	6.39858683371131E-7	1.22684093639691E-6	2.13341968446912E-6	3.43851547768281E-6	5.18606111654663E-6
9.4399995803833 	1.09671022263669E-10	1.70785413589059E-10	7.95935706232598E-10	3.60484264660954E-9	1.35953852620219E-8	4.25438386741916E-8	1.21283207477063E-7	2.99305497719615E-7	6.39779557332076E-7	1.22674157410074E-6	2.1342050331441E-6	3.44039995070489E-6	5.19011564392713E-6
9.47999954223633	1.25822380292462E-10	1.69313257858406E-10	7.98501431642507E-10	3.60114116304544E-9	1.35979085769122E-8	4.25352162380932E-8	1.21223720839225E-7	2.99251439628279E-7	6.39647510070063E-7	1.22674669000844E-6	2.13469661503041E-6	3.44179943567724E-6	5.19417426403379E-6
9.52000045776367	1.28261873344471E-10	1.66831687353763E-10	7.95304766487703E-10	3.59184593179407E-9	1.35618636321055E-8	4.24928643383282E-8	1.21189501101071E-7	2.99220829447222E-7	6.39463735296886E-7	1.22687663406396E-6	2.13544149119116E-6	3.44402269547572E-6	5.19827563039144E-6
9.5600004196167 	1.2321457742992E-10	1.67799080186271E-10	7.96230137378728E-10	3.59630414337175E-9	1.35616105012559E-8	4.24615258509675E-8	1.21097173177986E-7	2.99098275036158E-7	6.39474649233307E-7	1.22676306091307E-6	2.13600173992745E-6	3.44587647305161E-6	5.2021537157998E-6
9.60000038146973	9.75154679228041E-11	1.71752806421566E-10	8.0329637386356E-10	3.60395935317115E-9	1.35584983240733E-8	4.24446220392838E-8	1.2106828251035E-7	2.98994592640156E-7	6.39286611203715E-7	1.22687868042703E-6	2.13654402614338E-6	3.44746945302177E-6	5.20616595167667E-6
9.64000034332275	1.15349257923114E-10	1.72551944954691E-10	7.9669276731309E-10	3.60156215961638E-9	1.35518529731371E-8	4.24309085644836E-8	1.2106478664009E-7	2.98857941061215E-7	6.39239544852899E-7	1.22705159810721E-6	2.13693601835985E-6	3.44900786330982E-6	5.21006495546317E-6
9.68000030517578	1.16947534989365E-10	1.73897923838595E-10	7.93622334516186E-10	3.59327589904979E-9	1.35456703631576E-8	4.23949870764773E-8	1.21031973776553E-7	2.98808544130225E-7	6.39180257167027E-7	1.22695860227395E-6	2.13733596865495E-6	3.45047033079027E-6	5.21398987984867E-6
9.72000026702881	1.0580145093364E-10	1.74276454378841E-10	7.90005116879655E-10	3.58986884663182E-9	1.35250601829284E-8	4.23690771356178E-8	1.21031646926895E-7	2.98798823905599E-7	6.39164682070259E-7	1.22696951621037E-6	2.13771704693499E-6	3.45198304785299E-6	5.21718220625189E-6
9.76000022888184	1.18840298712897E-10	1.68261765631783E-10	7.85799036950863E-10	3.58776608422318E-9	1.35232935960516E-8	4.23585646558422E-8	1.20957864169213E-7	2.98652679475708E-7	6.39023767234903E-7	1.22693757020897E-6	2.13819316741137E-6	3.45360490427993E-6	5.2207274165994E-6
9.80000019073486	1.08745706883795E-10	1.7208931502033E-10	7.95767396422065E-10	3.57455887112224E-9	1.35168578552225E-8	4.2319069137875E-8	1.20901844979926E-7	2.9855328875783E-7	6.38818107745465E-7	1.22686151371454E-6	2.13852786146163E-6	3.45514831678884E-6	5.22447498951806E-6
9.84000015258789	1.11984338468929E-10	1.73056707852837E-10	7.97996613233209E-10	3.58629348440331E-9	1.35048292548845E-8	4.22987973536237E-8	1.20884635634866E-7	2.98501561246667E-7	6.38776896266791E-7	1.22677226954693E-6	2.13900648304843E-6	3.45637158716272E-6	5.2279578994785E-6
9.88000011444092	8.10696232367292E-11	1.69145059070175E-10	7.97744259539712E-10	3.57901708269992E-9	1.34957440778294E-8	4.2266663058399E-8	1.20826669558483E-7	2.9838415116501E-7	6.38672986497113E-7	1.22671428925969E-6	2.13953921957E-6	3.45809144164377E-6	5.23118433193304E-6
9.92000007629395	1.0609582656862E-10	1.84244869361194E-10	7.92739041077795E-10	3.57661988914515E-9	1.3486070038482E-8	4.22335588723399E-8	1.20755558441488E-7	2.98294395406629E-7	6.38556912235799E-7	1.22685389669641E-6	2.13990574593481E-6	3.45935018231103E-6	5.23430480825482E-6
9.96000003814697	1.02436586990606E-10	1.72930475494937E-10	7.9698719845922E-10	3.57174068099653E-9	1.34771109827625E-8	4.22164418978355E-8	1.20752730481399E-7	2.98218424177321E-7	6.38461813196045E-7	1.22690187254193E-6	2.14029364542512E-6	3.46053388966538E-6	5.23784228789737E-6
10	                9.18792542048408E-11	1.72930475494937E-10	7.90425780383686E-10	3.56341267604421E-9	1.34621362946064E-8	4.22033608060701E-8	1.2066662691268E-7	2.98048178137833E-7	6.38315043488547E-7	1.2267655620235E-6	2.1407058738987E-6	3.46214233104547E-6	5.24102233612211E-6
10.039999961853 	8.05228383971013E-11	1.7541210151073E-10	7.87229115228882E-10	3.56791307609683E-9	1.34550290908919E-8	4.21741717104851E-8	1.20663486313788E-7	2.97996024301028E-7	6.38229664673418E-7	1.22668404856086E-6	2.14110741580953E-6	3.46336901202449E-6	5.24418919667369E-6
10.0799999237061	1.21532145458403E-10	1.64350116849121E-10	8.01319510745913E-10	3.55584184319468E-9	1.34383730809873E-8	4.21591934696153E-8	1.20623610655457E-7	2.98013475230619E-7	6.38297365185281E-7	1.22658900636452E-6	2.14131750908564E-6	3.46439651366381E-6	5.24746565133682E-6
10.1199998855591	8.63692728447774E-11	1.68598274230547E-10	7.91182841464178E-10	3.55769236293213E-9	1.3424870992651E-8	4.21062864575106E-8	1.20596595820643E-7	2.9788367328365E-7	6.38071071534796E-7	1.22643166378111E-6	2.14168585443986E-6	3.46574597642757E-6	5.25082168678637E-6
10.1599998474121	1.07441805452524E-10	1.68598274230547E-10	7.93033472223925E-10	3.56341267604421E-9	1.34402649010212E-8	4.20894181729636E-8	1.20525271540828E-7	2.97759612521986E-7	6.37994958196941E-7	1.22642109090521E-6	2.14180568036682E-6	3.46715796695207E-6	5.25393897987669E-6
10.1999998092651	9.73892910760554E-11	1.72341668713827E-10	7.91939902544669E-10	3.56745077922938E-9	1.34185622613359E-8	4.205067938301E-8	1.20470957654106E-7	2.9768006015729E-7	6.376946544151E-7	1.22640767585835E-6	2.14198166759161E-6	3.4679947020777E-6	5.25689574715216E-6
10.2399997711182	1.20312398932398E-10	1.67336450251909E-10	7.92024057449936E-10	3.56294993508754E-9	1.33997186679835E-8	4.20208117191123E-8	1.20411712600799E-7	2.975104109737E-7	6.3771358327358E-7	1.22627011478471E-6	2.14224019146059E-6	3.4691197470238E-6	5.25991526956204E-6
10.2799997329712	1.37851757786578E-10	1.66873764806397E-10	7.89794840638791E-10	3.56135165802129E-9	1.34001814089402E-8	4.19917078886556E-8	1.20413005788578E-7	2.97459791909205E-7	6.37457844732126E-7	1.22622554954432E-6	2.14266378861794E-6	3.47013860846346E-6	5.26322173755034E-6
10.3199996948242	1.46768680542309E-10	1.74024100685344E-10	7.97954646802879E-10	3.55171980714886E-9	1.33934934254398E-8	4.1961762065057E-8	1.20327797503705E-7	2.97359179057821E-7	6.37402763459249E-7	1.22608116726042E-6	2.1430428205349E-6	3.47125774169399E-6	5.26575377080007E-6
10.3599996566772	1.12362924520326E-10	1.7095366788844E-10	7.89290133251797E-10	3.55622020720148E-9	1.33861748352615E-8	4.19261780848501E-8	1.20336210329697E-7	2.97249243885744E-7	6.37356492916297E-7	1.2259572486073E-6	2.14302031054103E-6	3.47238847098197E-6	5.26841176906601E-6
10.3999996185303	1.31332306141374E-10	1.70238628749431E-10	7.85672804592963E-10	3.55327589574017E-9	1.3371453277955E-8	4.19136441109913E-8	1.20265283953813E-7	2.97225255962985E-7	6.37128948710597E-7	1.22590461160144E-6	2.14325882552657E-6	3.47314130522136E-6	5.27118800164317E-6
10.4399995803833	1.08409198285031E-10	1.68051433879768E-10	7.85336295994199E-10	3.54356011200707E-9	1.33625785991853E-8	4.19070005364119E-8	1.20266847147832E-7	2.97138058158453E-7	6.37038510831189E-7	1.22558788007154E-6	2.14351484828512E-6	3.47456557392434E-6	5.27419524587458E-6
10.4799995422363	1.71921060720948E-10	1.67042019105779E-10	7.85462528352099E-10	3.54591511708691E-9	1.33529889367878E-8	4.18659880097039E-8	1.20179066698256E-7	2.97087950684727E-7	6.36850472801598E-7	1.22568212646001E-6	2.14369879358856E-6	3.47591117133561E-6	5.27703878105967E-6
10.5200004577637	1.87483556457479E-10	1.66326924455618E-10	7.84200759884612E-10	3.54524232193398E-9	1.33351552022987E-8	4.18433607762836E-8	1.20129854508377E-7	2.97026105045006E-7	6.36680567822623E-7	1.22557617032726E-6	2.14374222196057E-6	3.47663649336027E-6	5.27970496477792E-6
10.5600004196167	1.83067144776672E-10	1.81721221403919E-10	7.88322684908138E-10	3.5365776973606E-9	1.33405810842646E-8	4.18292280812693E-8	1.20111650403487E-7	2.96900509511033E-7	6.36549771115824E-7	1.22538267532946E-6	2.14393571695837E-6	3.47784384757688E-6	5.28194732396514E-6
10.6000003814697	1.7065923674231E-10	1.7124804352342E-10	7.89458332040027E-10	3.53451667933768E-9	1.33243878153166E-8	4.17851460099428E-8	1.2006184135771E-7	2.96784861575361E-7	6.3641175529483E-7	1.22531662327674E-6	2.14406304621662E-6	3.47849572790437E-6	5.28454665982281E-6
10.6400003433228	1.84371046207943E-10	1.71878983268314E-10	7.87355347586782E-10	3.52778739554083E-9	1.33264066448646E-8	4.17562517895931E-8	1.20022846772372E-7	2.9671457468794E-7	6.3635286551289E-7	1.22525818824215E-6	2.14436181522615E-6	3.47956938639982E-6	5.28678810951533E-6
10.6800003051758	1.67378527704543E-10	1.79029374658413E-10	7.84411036125476E-10	3.53220386273279E-9	1.33059652185352E-8	4.17687040510373E-8	1.19988953883876E-7	2.96635533914014E-7	6.36156926248077E-7	1.22515302791726E-6	2.14432225220662E-6	3.48056823895604E-6	5.28894997842144E-6
10.7200002670288	1.15643689069245E-10	1.79071396599895E-10	7.93033472223925E-10	3.53224560711851E-9	1.32946089692609E-8	4.17290841880913E-8	1.19939031151262E-7	2.96484103046168E-7	6.35971844076266E-7	1.22504059163475E-6	2.14441934076604E-6	3.48139406014525E-6	5.29145745531423E-6
10.7600002288818	1.19176751800509E-10	1.78819042906397E-10	7.9181367018677E-10	3.52909124146095E-9	1.32912010286645E-8	4.16971133176958E-8	1.19899240758059E-7	2.96341681860213E-7	6.35819560557138E-7	1.22499272947607E-6	2.14473652704328E-6	3.48195453625522E-6	5.29388444192591E-6
10.8000001907349	8.09855238426138E-11	1.85380516493083E-10	7.92991505793594E-10	3.52968010375321E-9	1.32792141727123E-8	4.16627514709944E-8	1.19849602242539E-7	2.96296803981022E-7	6.35710648566601E-7	1.22463143270579E-6	2.14473402593285E-6	3.48287244378298E-6	5.29645785718458E-6
10.8400001525879	1.13246162447567E-10	1.83403653375436E-10	7.94169119355814E-10	3.52126772185102E-9	1.32575523892342E-8	4.16444976281127E-8	1.19795814157442E-7	2.96154894385836E-7	6.35593323750072E-7	1.22460153306747E-6	2.14483429772372E-6	3.48382263837266E-6	5.29904036739026E-6
10.8800001144409	8.70843674949384E-11	1.81847398250667E-10	7.92486687384297E-10	3.5200899972665E-9	1.32594868418323E-8	4.15897751793182E-8	1.19770021456134E-7	2.96113398690068E-7	6.35337528365199E-7	1.22451660899969E-6	2.14501801565348E-6	3.4843212688429E-6	5.30129545950331E-6
10.9200000762939	7.91769150243482E-11	1.84497223054692E-10	7.87355347586782E-10	3.5061678005377E-9	1.32544828446157E-8	4.15644159090789E-8	1.19751817351244E-7	2.95981010367541E-7	6.35176036212215E-7	1.22438234484434E-6	2.14491024053132E-6	3.48547951034561E-6	5.30327179149026E-6
10.960000038147 	1.09839221051899E-10	1.8575910254448E-10	7.86682330389255E-10	3.52017393012716E-9	1.32387096840603E-8	4.15497325434444E-8	1.19739866022428E-7	2.9586479399768E-7	6.35059564046969E-7	1.22423318771325E-6	2.14495935324521E-6	3.48595699506404E-6	5.30528222952853E-6
11	                1.15601611616611E-10	1.81216458505773E-10	7.82728604153959E-10	3.51138362830739E-9	1.32339987857222E-8	4.1537326467278E-8	1.19663098985257E-7	2.95769751801345E-7	6.35001924820244E-7	1.22400047075644E-6	2.14533338294132E-6	3.48686398865539E-6	5.3073435992701E-6
11.039999961853 	8.31726632011254E-11	1.77767495168624E-10	7.86598175483988E-10	3.51201423498537E-9	1.32194042379297E-8	4.15206677928381E-8	1.19619912197777E-7	2.95760969493131E-7	6.34780633390619E-7	1.22397523227846E-6	2.14526062336518E-6	3.48715775544406E-6	5.30951410837588E-6
11.0799999237061	1.0609582656862E-10	1.8289889047729E-10	7.89163900893897E-10	3.50835493989621E-9	1.32253763496237E-8	4.14912690871461E-8	1.19604351311864E-7	2.95633384439498E-7	6.34647733477323E-7	1.22382130030019E-6	2.14492092709406E-6	3.48780235981394E-6	5.31160412720055E-6
11.1199998855591	1.53624585275125E-10	1.84244869361194E-10	7.93412058275322E-10	3.50435902518598E-9	1.32061970248287E-8	4.14602254750207E-8	1.19541255116928E-7	2.95542974981799E-7	6.34482489658694E-7	1.22362109777896E-6	2.14521264751966E-6	3.48821163242974E-6	5.31383375346195E-6
11.1599998474121	1.35538441581318E-10	1.92236476737051E-10	7.94042998020217E-10	3.4991436415055E-9	1.3196858716924E-8	4.14617389310479E-8	1.19475970450367E-7	2.95411979323035E-7	6.34263358278986E-7	1.22346671105333E-6	2.14513693208573E-6	3.48919388670765E-6	5.31544037585263E-6
11.1999998092651	1.85969378785344E-10	1.88450949289987E-10	7.90425780383686E-10	3.5028451250696E-9	1.31861765950703E-8	4.14271710269531E-8	1.19413300581073E-7	2.95329812161071E-7	6.33969307273219E-7	1.22334768093424E-6	2.14509418583475E-6	3.48977482644841E-6	5.31765681444085E-6
11.2399997711182	1.66999941653145E-10	1.82772769141692E-10	7.94253274261081E-10	3.49931195131603E-9	1.31908022282801E-8	4.13950758115789E-8	1.19379322427449E-7	2.95205524025732E-7	6.33963452401076E-7	1.22326616747159E-6	2.14514079743822E-6	3.49017659573292E-6	5.31930527358782E-6
11.2799997329712	2.1364546243241E-10	1.88156518143856E-10	7.90846332865414E-10	3.49636763985473E-9	1.31700668148937E-8	4.13811562793853E-8	1.19342146831514E-7	2.95152290163969E-7	6.33817478501442E-7	1.22299604754517E-6	2.14521196539863E-6	3.49067749993992E-6	5.32122385266121E-6
11.3199996948242	2.82919604410736E-10	1.87483556457479E-10	7.85588760709999E-10	3.4953160366058E-9	1.31619479759593E-8	4.13470431226415E-8	1.19305340717801E-7	2.95079559009537E-7	6.33614320122433E-7	1.22290566650918E-6	2.14505917028873E-6	3.49136689692386E-6	5.32289323018631E-6
11.3599996566772	2.5923937996275E-10	1.91984067532402E-10	7.91393117705042E-10	3.49809248234578E-9	1.31577850837061E-8	4.1314784482438E-8	1.19257052233479E-7	2.9498656317628E-7	6.33487275081279E-7	1.22270046176709E-6	2.14509350371372E-6	3.49176752934E-6	5.3247608775564E-6
11.3999996185303	2.83550544155631E-10	1.83992515667697E-10	7.81677000905034E-10	3.49060558235692E-9	1.31539144021531E-8	4.12847072084332E-8	1.1919912878966E-7	2.94866140393424E-7	6.3326018562293E-7	1.22241863209638E-6	2.14479109672538E-6	3.49237348018505E-6	5.326607151801E-6
11.4399995803833	2.62183580401754E-10	1.79071396599895E-10	7.84368958672843E-10	3.49190898418783E-9	1.31351134413649E-8	4.12730578602805E-8	1.1917465769784E-7	2.94737191097738E-7	6.3327615862363E-7	1.22228948384873E-6	2.14520787267247E-6	3.49306492353207E-6	5.32793637830764E-6
11.4799995422363	2.58650517670489E-10	1.80122944337668E-10	7.87397314017113E-10	3.49140449884544E-9	1.31342732245798E-8	4.123671715206E-8	1.19113835239659E-7	2.94634020292506E-7	6.33104946246021E-7	1.22210906283726E-6	2.14502006201656E-6	3.49351353179372E-6	5.32955573362415E-6
11.5200004577637	4.13518524977619E-10	1.99470912010113E-10	7.7814393817377E-10	3.48139428396621E-9	1.31192150476522E-8	4.12156033746669E-8	1.19130064035744E-7	2.94515899668113E-7	6.32882063200668E-7	1.22175072192476E-6	2.14473016058037E-6	3.49392462339893E-6	5.33105321665062E-6
11.5600004196167	3.68218983082258E-10	1.79786435738905E-10	7.79489861546523E-10	3.47146755785843E-9	1.31246400414398E-8	4.1178459753155E-8	1.19071188464659E-7	2.94388456723027E-7	6.32731087080174E-7	1.22163498872396E-6	2.14485794458597E-6	3.49434094459866E-6	5.33243701283936E-6
11.6000003814697	3.10847986240148E-10	1.80375298031166E-10	7.77681308239409E-10	3.47323458882443E-9	1.31007498183067E-8	4.11538536582157E-8	1.19049985869424E-7	2.94397324296369E-7	6.32553508239653E-7	1.22148946957168E-6	2.1446853679663E-6	3.49476204064558E-6	5.33385036760592E-6
11.6400003433228	3.81426085160896E-10	1.9253085237203E-10	7.84074527526712E-10	3.47929107746836E-9	1.30937687359278E-8	4.11168024072595E-8	1.18994634590308E-7	2.94193426952916E-7	6.32348303497565E-7	1.22114499845338E-6	2.14480132854078E-6	3.49503034158261E-6	5.33544016434462E-6
11.6800003051758	3.47567113978542E-10	1.96694910359341E-10	7.78228093079036E-10	3.4755056610436E-9	1.30901511852244E-8	4.11001863653837E-8	1.18955725270098E-7	2.94191579541803E-7	6.32237629361043E-7	1.22103438116028E-6	2.14462215808453E-6	3.49524748344265E-6	5.33705951966112E-6
11.7200002670288	5.20773701939703E-10	1.98629751535506E-10	7.83065112752723E-10	3.46919648563926E-9	1.30732846770343E-8	4.10619982460503E-8	1.18899663448246E-7	2.94123594812845E-7	6.32082503670972E-7	1.22078665754088E-6	2.14479200622009E-6	3.49555011780467E-6	5.33849379280582E-6
11.7600002288818	3.43571310290614E-10	1.9194204559092E-10	7.79531938999156E-10	3.46191963984666E-9	1.30632313855017E-8	4.10407956508152E-8	1.1885506978615E-7	2.9397213552329E-7	6.32045839665807E-7	1.22050994377787E-6	2.14442275137117E-6	3.49575475411257E-6	5.3400458455144E-6
11.8000001907349	3.08071984589375E-10	1.96148125519713E-10	7.89121823441263E-10	3.46633610703861E-9	1.30550308341526E-8	4.10249398896667E-8	1.18817894190215E-7	2.93920038529905E-7	6.31843988685432E-7	1.22027438465011E-6	2.14443366530759E-6	3.4959775803145E-6	5.34093305759598E-6
11.8400001525879	3.96610105868334E-10	1.85001985952837E-10	7.85336295994199E-10	3.46747208723741E-9	1.3047963598467E-8	4.09747187291032E-8	1.18726156017601E-7	2.93826616371007E-7	6.3158614693748E-7	1.22022174764425E-6	2.14427859646094E-6	3.49640959029784E-6	5.34209812030895E-6
11.8800001144409	1.56636414949674E-9	1.93666499503919E-10	7.81382680781206E-10	3.47041595460951E-9	1.30368178474782E-8	4.09630267483863E-8	1.18714467589598E-7	2.93719040200813E-7	6.31447335308621E-7	1.21989410217793E-6	2.14397732634097E-6	3.49692095369392E-6	5.34336868440732E-6
11.9200000762939	8.99865459924598E-11	2.04980893370177E-10	7.8260237179606E-10	3.46381234805904E-9	1.30414026244807E-8	4.0944900803197E-8	1.18687800920725E-7	2.93612600898996E-7	6.31232012437977E-7	1.21973891964444E-6	2.1438131625473E-6	3.49702895618975E-6	5.34475248059607E-6
11.960000038147 	1.62667684877604E-10	2.1322479892838E-10	7.75452091428264E-10	3.45699868731231E-9	1.30246196050621E-8	4.09062863582221E-8	1.18645402835682E-7	2.93525459937882E-7	6.3112855741565E-7	1.2195235967738E-6	2.14394071917923E-6	3.49723359249765E-6	5.34562741449918E-6
12	                7.00917379692356E-11	2.15411993798043E-10	7.77681308239409E-10	3.45548478719593E-9	1.30068285031371E-8	4.08973690468883E-8	1.18569019491588E-7	2.93411034135715E-7	6.3096240410232E-7	1.21920561468869E-6	2.14352439797949E-6	3.49735796589812E-6	5.34688069819822E-6
