Id_Vg
-20	2,27E-06
-19,6	2,27E-06
-19,2	2,27E-06
-18,8	2,27E-06
-18,4	2,27E-06
-18	2,27E-06
-17,6	2,27E-06
-17,2	2,28E-06
-16,8	2,27E-06
-16,4	2,27E-06
-16	2,27E-06
-15,6	2,27E-06
-15,2	2,28E-06
-14,8	2,27E-06
-14,4	2,27E-06
-14	2,27E-06
-13,6	2,27E-06
-13,2	2,28E-06
-12,8	2,28E-06
-12,4	2,28E-06
-12	2,28E-06
-11,6	2,28E-06
-11,2	2,29E-06
-10,8	2,29E-06
-10,4	2,30E-06
-10	2,31E-06
-9,6	2,32E-06
-9,2	2,34E-06
-8,8	2,36E-06
-8,4	2,38E-06
-8	2,42E-06
-7,6	2,46E-06
-7,2	2,50E-06
-6,8	2,56E-06
-6,4	2,63E-06
-6	2,72E-06
-5,6	2,82E-06
-5,2	2,94E-06
-4,8	3,07E-06
-4,4	3,24E-06
-4	3,44E-06
-3,6	3,66E-06
-3,2	3,92E-06
-2,8	4,21E-06
-2,4	4,55E-06
-2	4,94E-06
-1,6	5,29E-06
-1,2	5,80E-06
-0,8	6,37E-06
-0,4	7,01E-06
0	7,72E-06
0,4	8,52E-06
0,8	9,41E-06
1,2	1,04E-05
1,6	1,15E-05
2	1,27E-05
2,4	1,40E-05
2,8	1,54E-05
3,2	1,70E-05
3,6	1,88E-05
4	2,06E-05
4,4	2,27E-05
4,8	2,49E-05
5,2	2,73E-05
5,6	2,99E-05
6	3,26E-05
6,4	3,56E-05
6,8	3,88E-05
7,2	4,21E-05
7,6	4,57E-05
8	4,95E-05
8,4	5,28E-05
8,8	5,70E-05
9,2	6,14E-05
9,6	6,60E-05
10	7,08E-05
10,4	7,57E-05
10,8	8,07E-05
11,2	8,59E-05
11,6	9,13E-05
12	9,67E-05
12,4	1,02E-04
12,8	1,08E-04
13,2	1,13E-04
13,6	1,18E-04
14	1,24E-04
14,4	1,29E-04
14,8	1,35E-04
15,2	1,40E-04
15,6	1,46E-04
16	1,51E-04
16,4	1,56E-04
16,8	1,62E-04
17,2	1,67E-04
17,6	1,72E-04
18	1,78E-04
18,4	1,83E-04
18,8	1,88E-04
19,2	1,94E-04
19,6	1,99E-04
20	2,04E-04
20	2,04E-04
19,6	1,98E-04
19,2	1,93E-04
18,8	1,87E-04
18,4	1,82E-04
18	1,76E-04
17,6	1,71E-04
17,2	1,65E-04
16,8	1,60E-04
16,4	1,54E-04
16	1,48E-04
15,6	1,43E-04
15,2	1,37E-04
14,8	1,31E-04
14,4	1,26E-04
14	1,20E-04
13,6	1,15E-04
13,2	1,09E-04
12,8	1,03E-04
12,4	9,79E-05
12	9,24E-05
11,6	8,69E-05
11,2	8,16E-05
10,8	7,64E-05
10,4	7,14E-05
10	6,66E-05
9,6	6,20E-05
9,2	5,76E-05
8,8	5,33E-05
8,4	4,93E-05
8	4,55E-05
7,6	4,19E-05
7,2	3,87E-05
6,8	3,55E-05
6,4	3,24E-05
6	2,96E-05
5,6	2,71E-05
5,2	2,46E-05
4,8	2,24E-05
4,4	2,04E-05
4	1,85E-05
3,6	1,68E-05
3,2	1,52E-05
2,8	1,38E-05
2,4	1,25E-05
2	1,13E-05
1,6	1,02E-05
1,2	9,26E-06
0,8	8,39E-06
0,4	7,61E-06
0	6,92E-06
-0,4	6,29E-06
-0,8	5,75E-06
-1,2	5,25E-06
-1,6	4,83E-06
-2	4,45E-06
-2,4	4,12E-06
-2,8	3,88E-06
-3,2	3,62E-06
-3,6	3,40E-06
-4	3,21E-06
-4,4	3,04E-06
-4,8	2,91E-06
-5,2	2,79E-06
-5,6	2,70E-06
-6	2,62E-06
-6,4	2,55E-06
-6,8	2,49E-06
-7,2	2,45E-06
-7,6	2,41E-06
-8	2,39E-06
-8,4	2,36E-06
-8,8	2,34E-06
-9,2	2,33E-06
-9,6	2,32E-06
-10	2,31E-06
-10,4	2,30E-06
-10,8	2,30E-06
-11,2	2,30E-06
-11,6	2,30E-06
-12	2,29E-06
-12,4	2,29E-06
-12,8	2,29E-06
-13,2	2,29E-06
-13,6	2,29E-06
-14	2,29E-06
-14,4	2,29E-06
-14,8	2,30E-06
-15,2	2,29E-06
-15,6	2,29E-06
-16	2,29E-06
-16,4	2,29E-06
-16,8	2,29E-06
-17,2	2,30E-06
-17,6	2,30E-06
-18	2,30E-06
-18,4	2,30E-06
-18,8	2,30E-06
-19,2	2,30E-06
-19,6	2,30E-06
-20	2,30E-06
